1.29,13.29
1.7,13.7
1.33,13.33
1.81,13.81
1.6600000000000001,13.66
1.17,13.17
1.8399999999999999,13.84
1.7,13.7
1.83,13.83
1.8,13.8
1.76,14.76
1.13,14.13
1.87,14.87
1.73,14.73
1.29,14.29
1.94,14.94
1.1400000000000001,14.14
1.76,14.76
1.7,14.7
1.65,14.65
1.3,15.3
1.28,15.28
1.7,15.7
1.77,15.77
1.04,15.04
1.03,15.03
1.47,15.47
1.34,15.34
1.41,15.41
1.38,15.38
1.34,67.34
1.32,67.32
1.83,67.83
1.22,67.22
1.7,67.7
1.31,67.31
1.46,67.46
1.8,67.8
1.49,67.49
1.07,67.07
1.44,68.44
1.98,68.98
1.92,68.92
1.16,68.16
1.81,68.81
1.49,68.49
1.03,68.03
1.95,68.95
1.4,68.4
1.73,68.73
1.17,69.17
1.98,69.98
1.6099999999999999,69.61
1.5,69.5
1.55,69.55
1.2,69.2
1.76,69.76
1.3599999999999999,69.36
1.31,69.31
1.43,69.43
1.08,70.08
1.73,70.73
1.35,70.35
1.6800000000000002,70.68
1.56,70.56
1.6600000000000001,70.66
1.78,70.78
1.92,70.92
1.44,70.44
1.8900000000000001,70.89
1.47,73.47
1.1,73.1
1.5699999999999998,73.57
1.17,73.17
1.8199999999999998,73.82
1.17,73.17
1.45,73.45
1.9,73.9
1.11,73.11
1.26,73.26
1.1400000000000001,74.14
1.03,74.03
1.23,74.23
1.25,74.25
1.69,74.69
1.43,74.43
1.4,74.4
1.8599999999999999,74.86
1.35,74.35
1.53,74.53
1.5899999999999999,75.59
1.32,75.32
1.96,75.96
1.77,75.77
1.35,75.35
1.6099999999999999,75.61
1.5699999999999998,75.57
1.41,75.41
1.85,75.85
1.58,75.58
1.52,76.52
1.09,76.09
1.53,76.53
1.26,76.26
1.5899999999999999,76.59
1.42,76.42
1.13,76.13
1.19,76.19
1.03,76.03
1.65,76.65
1.63,77.63
1.35,77.35
1.67,77.67
1.1400000000000001,77.14
2.0,78.0
1.58,77.58
1.71,77.71
1.72,77.72
1.8199999999999998,77.82
1.5699999999999998,77.57
2.08,5.08
2.65,5.65
2.71,5.71
2.25,5.25
2.17,5.17
2.83,5.83
2.31,5.31
2.89,5.89
2.05,5.05
2.69,5.6899999999999995
2.98,6.98
2.49,6.49
2.82,6.82
2.44,6.44
2.79,6.79
2.62,6.62
2.44,6.44
2.65,6.65
2.06,6.06
2.9699999999999998,6.97
2.45,7.45
2.87,7.87
2.5,7.5
2.27,7.27
2.58,7.58
2.58,7.58
2.39,7.39
2.52,7.52
2.26,7.26
2.07,7.07
2.3,10.3
2.2800000000000002,10.28
2.11,10.11
2.41,10.41
2.32,10.32
2.29,10.29
2.51,10.51
2.46,10.46
2.45,10.45
2.6,10.6
2.25,11.25
2.17,11.17
2.6,11.6
2.94,11.94
2.58,11.58
2.7199999999999998,11.72
2.9,11.9
2.23,11.23
2.43,11.43
2.2,11.2
2.64,12.64
2.12,12.12
2.27,12.27
2.82,12.82
2.95,12.95
2.79,12.79
2.41,12.41
2.71,12.71
2.63,12.63
2.04,12.04
2.01,13.01
2.17,13.17
2.85,13.85
2.09,13.09
2.82,13.82
2.3,13.3
2.04,13.04
2.21,13.21
2.41,13.41
2.45,13.45
2.62,15.62
2.89,15.89
2.57,15.57
2.58,15.58
2.22,15.22
2.23,15.23
2.03,15.03
2.56,15.56
2.17,15.17
2.34,15.34
2.67,22.67
2.96,22.96
2.39,22.39
2.25,22.25
2.15,22.15
2.48,22.48
2.01,22.01
2.9699999999999998,22.97
2.55,22.55
2.49,22.49
2.94,23.94
2.51,23.51
2.4699999999999998,23.47
2.79,23.79
2.62,23.62
2.6,23.6
2.2800000000000002,23.28
2.01,23.01
2.39,23.39
2.17,23.17
2.7800000000000002,24.78
2.4,24.4
2.66,24.66
2.31,24.31
2.96,24.96
2.91,24.91
2.08,24.08
2.65,24.65
2.54,24.54
2.55,24.55
2.95,25.95
2.99,25.99
2.91,25.91
3.0,26.0
2.67,25.67
2.21,25.21
2.64,25.64
2.39,25.39
2.17,25.17
2.04,25.04
2.7199999999999998,26.72
2.7199999999999998,26.72
2.62,26.62
2.29,26.29
2.39,26.39
2.35,26.35
2.59,26.59
2.68,26.68
2.06,26.06
2.6,26.6
2.07,56.07
2.21,56.21
2.05,56.05
2.96,56.96
2.45,56.45
2.9699999999999998,56.97
2.14,56.14
2.25,56.25
2.99,56.99
2.58,56.58
2.3,57.3
2.19,57.19
2.88,57.88
2.12,57.12
2.99,57.99
2.58,57.58
2.64,57.64
2.74,57.74
2.02,57.02
2.3,57.3
2.95,67.95
2.5300000000000002,67.53
2.17,67.17
2.43,67.43
2.75,67.75
2.92,67.92
2.92,67.92
2.8,67.8
2.25,67.25
2.95,67.95
2.68,70.68
2.83,70.83
2.7199999999999998,70.72
2.66,70.66
2.26,70.26
2.96,70.96
2.91,70.91
2.07,70.07
2.44,70.44
2.4699999999999998,70.47
2.69,71.69
2.66,71.66
2.14,71.14
2.92,71.92
2.94,71.94
2.76,71.76
2.36,71.36
2.21,71.21
2.9699999999999998,71.97
2.27,71.27
2.03,72.03
2.71,72.71
2.65,72.65
2.23,72.23
2.54,72.54
2.18,72.18
2.79,72.79
2.45,72.45
2.06,72.06
2.73,72.73
2.98,73.98
2.85,73.85
2.4699999999999998,73.47
2.67,73.67
2.34,73.34
2.29,73.29
2.77,73.77
2.95,73.95
2.27,73.27
2.11,73.11
2.11,77.11
3.0,78.0
2.51,77.51
2.98,77.98
2.12,77.12
2.4,77.4
2.89,77.89
2.31,77.31
2.6,77.6
2.05,77.05
2.09,78.09
2.48,78.48
2.14,78.14
2.33,78.33
2.19,78.19
2.46,78.46
2.19,78.19
2.86,78.86
2.89,78.89
2.38,78.38
2.63,79.63
2.94,79.94
2.09,79.09
2.23,79.23
2.96,79.96
2.29,79.29
2.31,79.31
2.7800000000000002,79.78
2.66,79.66
2.24,79.24
2.1,80.1
2.74,80.74
2.95,80.95
2.9699999999999998,80.97
2.17,80.17
2.39,80.39
2.19,80.19
2.52,80.52
2.4699999999999998,80.47
2.31,80.31
3.27,1.27
3.14,1.1400000000000001
3.0,1.0
3.84,1.8399999999999999
3.42,1.42
3.0,1.0
3.91,1.9100000000000001
3.9,1.9
3.43,1.43
3.94,1.94
3.73,2.73
3.5,2.5
3.38,2.38
3.23,2.23
3.67,2.67
3.86,2.86
3.96,2.96
3.73,2.73
3.21,2.21
3.84,2.84
3.14,3.14
3.9699999999999998,3.9699999999999998
3.24,3.24
3.85,3.85
3.06,3.06
3.57,3.57
3.07,3.07
3.33,3.33
3.37,3.37
3.13,3.13
3.13,4.13
3.65,4.65
3.82,4.82
3.61,4.61
3.5,4.5
3.01,4.01
3.68,4.68
3.95,4.95
3.5,4.5
3.24,4.24
3.48,5.48
3.7199999999999998,5.72
3.12,5.12
3.14,5.14
3.35,5.35
4.0,6.0
3.94,5.9399999999999995
3.61,5.61
3.05,5.05
3.92,5.92
3.41,7.41
3.74,7.74
3.57,7.57
3.41,7.41
3.71,7.71
3.87,7.87
3.64,7.64
3.12,7.12
3.32,7.32
3.48,7.48
3.66,8.66
3.5,8.5
3.77,8.77
3.86,8.86
3.04,8.04
3.33,8.33
3.59,8.59
3.7199999999999998,8.72
3.09,8.09
3.7,8.7
3.01,9.01
3.2800000000000002,9.28
3.55,9.55
3.63,9.63
3.4699999999999998,9.47
3.55,9.55
3.14,9.14
3.64,9.64
3.45,9.45
3.46,9.46
3.98,10.98
3.99,10.99
3.39,10.39
3.43,10.43
3.84,10.84
3.0,10.0
3.66,10.66
3.4,10.4
3.1,10.1
3.19,10.19
3.04,15.04
3.39,15.39
3.7800000000000002,15.78
3.62,15.62
3.6,15.6
3.54,15.54
3.83,15.83
3.25,15.25
3.12,15.12
3.89,15.89
3.58,22.58
3.81,22.81
3.25,22.25
3.63,22.63
3.18,22.18
3.46,22.46
3.88,22.88
3.2,22.2
3.95,22.95
3.83,22.83
3.95,27.95
3.77,27.77
3.92,27.92
3.89,27.89
3.84,27.84
3.07,27.07
3.04,27.04
3.52,27.52
3.25,27.25
3.86,27.86
3.65,28.65
3.96,28.96
3.51,28.51
3.49,28.49
3.34,28.34
3.7800000000000002,28.78
3.87,28.87
3.25,28.25
3.56,28.56
3.87,28.87
3.55,29.55
3.68,29.68
3.49,29.49
3.88,29.88
3.85,29.85
3.27,29.27
3.91,29.91
3.07,29.07
3.88,29.88
3.27,29.27
3.21,30.21
3.95,30.95
3.83,30.83
3.23,30.23
3.05,30.05
3.0,30.0
3.82,30.82
3.2,30.2
3.92,30.92
3.01,30.01
3.91,47.91
3.07,47.07
3.6,47.6
3.15,47.15
3.59,47.59
3.0,47.0
3.82,47.82
3.71,47.71
3.94,47.94
3.81,47.81
3.2,48.2
3.98,48.98
3.23,48.23
3.57,48.57
3.17,48.17
3.29,48.29
3.17,48.17
3.17,48.17
3.12,48.12
3.3,48.3
3.54,49.54
3.43,49.43
3.8,49.8
3.2800000000000002,49.28
3.44,49.44
3.6,49.6
3.82,49.82
3.01,49.01
3.65,49.65
3.26,49.26
3.77,50.77
3.95,50.95
3.12,50.12
3.92,50.92
3.31,50.31
4.0,51.0
3.21,50.21
3.49,50.49
3.23,50.23
3.98,50.98
3.13,51.13
3.71,51.71
3.11,51.11
3.9699999999999998,51.97
3.84,51.84
3.19,51.19
3.88,51.88
3.05,51.05
3.55,51.55
3.22,51.22
3.49,57.49
3.42,57.42
3.44,57.44
3.35,57.35
3.01,57.01
3.57,57.57
3.23,57.23
3.07,57.07
3.9,57.9
3.86,57.86
3.03,67.03
3.82,67.82
3.21,67.21
3.31,67.31
3.71,67.71
3.2,67.2
3.32,67.32
3.68,67.68
4.0,68.0
3.06,67.06
3.42,80.42
3.35,80.35
3.4699999999999998,80.47
3.73,80.73
3.15,80.15
3.31,80.31
4.0,81.0
3.92,80.92
3.36,80.36
3.57,80.57
4.95,1.95
4.03,1.03
4.02,1.02
4.71,1.71
4.6,1.6
4.62,1.62
4.49,1.49
4.73,1.73
4.47,1.47
4.68,1.6800000000000002
4.31,15.31
4.52,15.52
4.67,15.67
4.72,15.72
4.14,15.14
4.08,15.08
4.25,15.25
4.32,15.32
4.03,15.03
4.11,15.11
4.08,20.08
4.88,20.88
4.29,20.29
4.63,20.63
4.97,20.97
4.16,20.16
4.2,20.2
4.39,20.39
4.41,20.41
4.57,20.57
4.04,21.04
4.88,21.88
5.0,22.0
4.68,21.68
4.08,21.08
4.63,21.63
4.8100000000000005,21.81
4.4,21.4
4.65,21.65
4.84,21.84
4.11,22.11
4.07,22.07
4.05,22.05
4.6,22.6
4.59,22.59
4.71,22.71
4.45,22.45
4.21,22.21
4.26,22.26
4.74,22.74
4.68,30.68
4.01,30.01
4.52,30.52
4.59,30.59
4.98,30.98
4.85,30.85
4.3,30.3
4.02,30.02
4.54,30.54
4.05,30.05
4.82,47.82
4.18,47.18
4.38,47.38
4.87,47.87
4.77,47.77
4.3,47.3
4.78,47.78
4.12,47.12
4.82,47.82
4.39,47.39
4.29,51.29
4.16,51.16
4.15,51.15
4.36,51.36
4.31,51.31
4.77,51.77
4.97,51.97
4.6,51.6
4.63,51.63
4.3,51.3
4.0,56.0
4.63,56.63
4.05,56.05
4.51,56.51
4.23,56.23
4.13,56.13
4.98,56.98
4.93,56.93
4.05,56.05
4.17,56.17
4.87,57.87
4.55,57.55
4.45,57.45
4.92,57.92
4.51,57.51
4.96,57.96
4.38,57.38
4.02,57.02
4.53,57.53
4.48,57.48
4.86,64.86
4.62,64.62
4.87,64.87
4.77,64.77
4.31,64.31
4.57,64.57
4.6,64.6
4.6,64.6
4.58,64.58
4.54,64.54
4.46,65.46
4.58,65.58
4.9399999999999995,65.94
4.6899999999999995,65.69
4.64,65.64
4.78,65.78
4.48,65.48
4.44,65.44
4.91,65.91
4.43,65.43
4.46,66.46
4.71,66.71
4.63,66.63
4.9399999999999995,66.94
4.68,66.68
4.65,66.65
4.14,66.14
4.68,66.68
4.13,66.13
4.99,66.99
4.15,67.15
4.34,67.34
4.11,67.11
4.78,67.78
4.36,67.36
4.26,67.26
4.41,67.41
4.19,67.19
4.55,67.55
4.96,67.96
4.86,80.86
4.58,80.58
4.98,80.98
4.44,80.44
4.45,80.45
4.73,80.73
4.44,80.44
4.8,80.8
4.5600000000000005,80.56
4.84,80.84
5.54,1.54
5.71,1.71
5.31,1.31
5.06,1.06
5.38,1.38
5.09,1.09
5.47,1.47
5.73,1.73
5.35,1.35
5.11,1.11
5.91,2.91
5.76,2.76
5.32,2.32
5.25,2.25
5.24,2.24
5.18,2.18
5.35,2.35
5.02,2.02
5.37,2.37
5.43,2.43
5.91,15.91
5.83,15.83
5.14,15.14
5.25,15.25
5.14,15.14
5.34,15.34
5.64,15.64
5.84,15.84
5.55,15.55
5.58,15.58
5.01,16.01
5.99,16.99
5.46,16.46
5.72,16.72
5.87,16.87
5.57,16.57
5.5600000000000005,16.56
5.24,16.24
5.05,16.05
5.47,16.47
5.91,17.91
5.25,17.25
5.85,17.85
5.18,17.18
5.26,17.26
5.39,17.39
5.68,17.68
5.5600000000000005,17.56
5.72,17.72
5.33,17.33
5.41,20.41
5.11,20.11
5.51,20.51
5.99,20.99
5.24,20.24
5.86,20.86
5.42,20.42
5.95,20.95
5.03,20.03
5.5600000000000005,20.56
5.41,30.41
5.46,30.46
5.14,30.14
5.92,30.92
5.01,30.01
5.43,30.43
5.66,30.66
5.4,30.4
5.11,30.11
5.8,30.8
5.67,43.67
5.72,43.72
5.25,43.25
5.46,43.46
5.85,43.85
5.6,43.6
5.82,43.82
5.5,43.5
5.73,43.73
5.72,43.72
5.27,44.27
5.18,44.18
5.35,44.35
5.3,44.3
5.82,44.82
5.07,44.07
5.92,44.92
5.4,44.4
5.14,44.14
5.22,44.22
5.67,45.67
5.74,45.74
5.17,45.17
5.85,45.85
5.64,45.64
5.9399999999999995,45.94
5.51,45.51
5.47,45.47
5.95,45.95
5.82,45.82
5.35,46.35
5.3,46.3
5.0,46.0
5.85,46.85
5.03,46.03
5.61,46.61
5.01,46.01
5.52,46.52
5.45,46.45
5.02,46.02
5.59,47.59
5.44,47.44
5.64,47.64
5.49,47.49
5.5600000000000005,47.56
5.0,47.0
5.72,47.72
5.62,47.62
5.16,47.16
5.82,47.82
5.74,51.74
5.2,51.2
5.36,51.36
5.67,51.67
5.11,51.11
5.4,51.4
5.76,51.76
5.52,51.52
5.09,51.09
5.66,51.66
5.74,52.74
5.27,52.27
5.63,52.63
5.05,52.05
5.88,52.88
5.9,52.9
5.49,52.49
5.0,52.0
5.34,52.34
5.28,52.28
5.58,53.58
5.3,53.3
5.59,53.59
5.59,53.59
5.97,53.97
5.2,53.2
5.97,53.97
5.77,53.77
5.99,53.99
5.36,53.36
5.33,56.33
5.68,56.68
5.04,56.04
5.0,56.0
5.53,56.53
5.9,56.9
5.35,56.35
5.62,56.62
5.82,56.82
5.86,56.86
5.83,64.83
5.48,64.48
5.13,64.13
5.82,64.82
5.49,64.49
5.9,64.9
5.32,64.32
5.36,64.36
5.18,64.18
5.19,64.19
5.93,80.93
5.5600000000000005,80.56
5.51,80.51
5.5,80.5
5.5,80.5
5.17,80.17
5.15,80.15
5.14,80.14
5.39,80.39
5.48,80.48
5.88,81.88
5.91,81.91
5.55,81.55
5.1,81.1
5.92,81.92
5.8100000000000005,81.81
5.38,81.38
5.06,81.06
5.44,81.44
5.28,81.28
6.43,2.43
6.02,2.02
6.18,2.18
6.15,2.15
6.89,2.89
6.54,2.54
6.43,2.43
6.9,2.9
6.72,2.7199999999999998
6.55,2.55
6.51,5.51
7.0,6.0
6.09,5.09
6.5,5.5
6.4,5.4
6.51,5.51
6.71,5.71
6.46,5.46
6.33,5.33
6.51,5.51
6.96,6.96
6.04,6.04
6.48,6.48
6.67,6.67
6.27,6.27
6.09,6.09
6.83,6.83
6.14,6.14
6.01,6.01
6.95,6.95
6.19,7.19
6.88,7.88
6.07,7.07
6.8100000000000005,7.8100000000000005
6.33,7.33
6.24,7.24
6.3,7.3
6.51,7.51
6.06,7.06
6.64,7.64
6.46,8.46
6.91,8.91
6.61,8.61
6.73,8.73
6.47,8.47
6.36,8.36
6.8,8.8
6.21,8.21
6.43,8.43
6.18,8.18
6.85,13.85
7.0,14.0
6.4,13.4
6.54,13.54
6.5600000000000005,13.56
6.47,13.47
6.29,13.29
6.82,13.82
6.11,13.11
6.45,13.45
6.28,14.28
7.0,15.0
6.37,14.37
6.89,14.89
6.77,14.77
6.11,14.11
6.51,14.51
6.23,14.23
6.68,14.68
6.72,14.72
6.59,15.59
6.65,15.65
6.44,15.44
6.5,15.5
6.71,15.71
6.67,15.67
6.89,15.89
6.83,15.83
6.23,15.23
6.79,15.79
6.17,17.17
6.46,17.46
6.09,17.09
6.33,17.33
6.66,17.66
6.99,17.99
6.33,17.33
6.83,17.83
6.8100000000000005,17.81
6.99,17.99
6.26,18.26
6.26,18.26
6.16,18.16
6.33,18.33
6.61,18.61
6.14,18.14
6.02,18.02
6.74,18.74
6.61,18.61
6.65,18.65
6.78,19.78
6.63,19.63
6.93,19.93
6.19,19.19
6.1,19.1
6.26,19.26
6.46,19.46
6.35,19.35
6.88,19.88
6.73,19.73
6.32,20.32
6.63,20.63
6.52,20.52
6.67,20.67
6.59,20.59
6.36,20.36
6.79,20.79
6.53,20.53
6.59,20.59
6.78,20.78
6.55,21.55
6.8100000000000005,21.81
6.44,21.44
6.66,21.66
6.26,21.26
6.26,21.26
6.5600000000000005,21.56
6.3,21.3
6.71,21.71
6.35,21.35
6.04,22.04
6.05,22.05
6.75,22.75
6.33,22.33
6.96,22.96
6.13,22.13
6.22,22.22
6.62,22.62
6.51,22.51
6.4,22.4
6.77,30.77
6.55,30.55
6.68,30.68
6.43,30.43
6.85,30.85
6.5600000000000005,30.56
6.61,30.61
6.26,30.26
6.6,30.6
6.64,30.64
6.95,43.95
6.8,43.8
6.7,43.7
6.6899999999999995,43.69
6.82,43.82
6.8,43.8
6.83,43.83
6.62,43.62
6.97,43.97
6.36,43.36
6.66,53.66
6.27,53.27
6.62,53.62
6.45,53.45
6.22,53.22
6.6899999999999995,53.69
6.98,53.98
6.82,53.82
7.0,54.0
6.89,53.89
6.63,56.63
6.31,56.31
6.3,56.3
6.62,56.62
6.28,56.28
6.44,56.44
6.41,56.41
6.22,56.22
6.54,56.54
6.31,56.31
6.06,64.06
6.32,64.32
6.9,64.9
6.6,64.6
6.25,64.25
6.61,64.61
6.73,64.73
6.86,64.86
6.21,64.21
6.19,64.19
6.53,81.53
6.07,81.07
6.34,81.34
7.0,82.0
6.66,81.66
6.4,81.4
6.79,81.79
6.65,81.65
6.29,81.29
6.45,81.45
7.47,2.4699999999999998
7.85,2.85
7.73,2.73
7.33,2.33
7.16,2.16
7.05,2.05
7.02,2.02
7.88,2.88
7.22,2.22
7.92,2.92
7.35,3.35
7.07,3.07
7.57,3.57
7.05,3.05
7.17,3.17
7.02,3.02
7.03,3.03
7.43,3.43
7.28,3.2800000000000002
7.44,3.44
7.82,4.82
7.73,4.73
7.45,4.45
7.3,4.3
7.9,4.9
7.23,4.23
7.37,4.37
7.52,4.52
7.9,4.9
7.3,4.3
7.42,5.42
7.42,5.42
7.67,5.67
7.24,5.24
7.53,5.53
7.97,5.97
7.42,5.42
7.51,5.51
7.34,5.34
7.97,5.97
7.16,8.16
7.86,8.86
7.64,8.64
7.85,8.85
7.71,8.71
7.4,8.4
7.03,8.03
7.42,8.42
7.28,8.28
7.65,8.65
7.88,9.88
7.9,9.9
7.62,9.62
7.4,9.4
7.42,9.42
7.62,9.62
7.52,9.52
7.09,9.09
7.63,9.63
7.83,9.83
7.25,10.25
7.5,10.5
7.31,10.31
7.75,10.75
7.0,10.0
7.23,10.23
7.04,10.04
7.65,10.65
7.86,10.86
7.86,10.86
7.99,11.99
7.01,11.01
7.06,11.06
7.45,11.45
7.19,11.19
7.83,11.83
7.98,11.98
7.68,11.68
7.87,11.87
7.86,11.86
7.16,12.16
7.45,12.45
7.15,12.15
7.58,12.58
7.98,12.98
7.06,12.06
7.9399999999999995,12.94
7.92,12.92
7.65,12.65
7.35,12.35
7.84,13.84
7.1,13.1
7.65,13.65
7.71,13.71
7.98,13.98
7.25,13.25
7.09,13.09
7.45,13.45
7.08,13.08
7.3,13.3
7.52,18.52
7.05,18.05
7.36,18.36
7.85,18.85
7.43,18.43
7.16,18.16
7.12,18.12
7.58,18.58
7.57,18.57
7.93,18.93
7.23,22.23
7.11,22.11
7.16,22.16
7.6899999999999995,22.69
7.1,22.1
7.7,22.7
7.48,22.48
8.0,23.0
7.04,22.04
7.85,22.85
7.09,23.09
7.53,23.53
7.31,23.31
7.68,23.68
7.18,23.18
7.9,23.9
7.0,23.0
7.46,23.46
7.17,23.17
7.2,23.2
7.55,25.55
7.74,25.74
7.54,25.54
7.08,25.08
7.87,25.87
7.88,25.88
7.11,25.11
7.27,25.27
7.74,25.74
7.18,25.18
7.48,26.48
7.67,26.67
7.43,26.43
7.16,26.16
7.84,26.84
7.39,26.39
7.38,26.38
7.2,26.2
7.45,26.45
7.54,26.54
7.46,27.46
7.96,27.96
7.61,27.61
7.16,27.16
7.4,27.4
7.59,27.59
7.33,27.33
7.92,27.92
7.93,27.93
7.17,27.17
7.92,30.92
7.47,30.47
7.06,30.06
7.03,30.03
7.52,30.52
7.23,30.23
7.15,30.15
7.26,30.26
7.91,30.91
7.08,30.08
7.2,43.2
7.01,43.01
8.0,44.0
7.63,43.63
7.04,43.04
7.48,43.48
7.67,43.67
7.43,43.43
7.41,43.41
7.57,43.57
7.0,53.0
7.14,53.14
7.43,53.43
7.04,53.04
7.79,53.79
7.52,53.52
7.42,53.42
7.97,53.97
7.04,53.04
7.01,53.01
7.79,54.79
7.89,54.89
7.87,54.87
7.3,54.3
7.12,54.12
7.29,54.29
7.38,54.38
7.77,54.77
7.45,54.45
7.08,54.08
7.25,55.25
7.8100000000000005,55.81
7.09,55.09
7.27,55.27
7.52,55.52
7.14,55.14
7.65,55.65
7.47,55.47
8.0,56.0
7.98,55.98
7.66,56.66
7.91,56.91
7.61,56.61
7.26,56.26
7.62,56.62
7.13,56.13
7.78,56.78
7.34,56.34
7.33,56.33
7.62,56.62
7.03,57.03
7.38,57.38
7.49,57.49
7.47,57.47
7.93,57.93
7.58,57.58
7.87,57.87
7.05,57.05
7.63,57.63
7.47,57.47
7.41,61.41
7.45,61.45
7.99,61.99
7.26,61.26
7.76,61.76
7.06,61.06
7.46,61.46
7.68,61.68
7.27,61.27
7.74,61.74
7.05,62.05
7.2,62.2
7.05,62.05
7.99,62.99
7.37,62.37
7.4,62.4
7.74,62.74
7.39,62.39
7.89,62.89
7.57,62.57
7.92,63.92
7.26,63.26
7.76,63.76
7.24,63.24
7.73,63.73
7.67,63.67
7.14,63.14
7.01,63.01
7.73,63.73
7.92,63.92
7.36,64.36
7.78,64.78
7.72,64.72
7.75,64.75
7.7,64.7
7.78,64.78
7.68,64.68
7.59,64.59
7.08,64.08
7.95,64.95
7.62,81.62
7.46,81.46
7.41,81.41
7.5,81.5
7.95,81.95
7.25,81.25
7.5600000000000005,81.56
7.03,81.03
7.22,81.22
7.59,81.59
8.06,18.06
8.37,18.37
8.05,18.05
8.29,18.29
8.25,18.25
8.66,18.66
8.72,18.72
8.29,18.29
8.15,18.15
8.4,18.4
8.34,23.34
8.31,23.31
8.56,23.56
8.38,23.38
8.57,23.57
8.78,23.78
8.72,23.72
8.02,23.02
8.85,23.85
8.54,23.54
8.81,24.81
8.46,24.46
8.74,24.74
8.29,24.29
8.53,24.53
8.79,24.79
8.5,24.5
8.47,24.47
8.93,24.93
8.9,24.9
8.3,25.3
8.3,25.3
8.6,25.6
8.11,25.11
8.42,25.42
8.46,25.46
8.0,25.0
8.77,25.77
8.85,25.85
8.81,25.81
8.04,27.04
8.08,27.08
8.34,27.34
8.82,27.82
8.66,27.66
8.91,27.91
8.51,27.51
8.74,27.74
8.37,27.37
8.03,27.03
8.55,28.55
8.33,28.33
8.08,28.08
8.07,28.07
8.09,28.09
9.0,29.0
9.0,29.0
8.38,28.38
8.63,28.63
8.3,28.3
8.13,29.13
8.87,29.87
8.81,29.81
8.88,29.88
8.37,29.37
8.68,29.68
8.4,29.4
8.19,29.19
9.0,30.0
8.59,29.59
8.7,30.7
8.67,30.67
8.46,30.46
8.16,30.16
8.8,30.8
8.08,30.08
8.27,30.27
8.32,30.32
8.26,30.26
8.38,30.38
8.61,41.61
8.84,41.84
8.51,41.51
8.48,41.48
8.08,41.08
8.59,41.59
8.76,41.76
8.68,41.68
8.62,41.62
8.12,41.12
8.72,42.72
8.5,42.5
8.41,42.41
8.68,42.68
8.0,42.0
8.12,42.12
8.29,42.29
8.63,42.63
8.62,42.62
8.09,42.09
8.11,43.11
8.39,43.39
8.11,43.11
8.66,43.66
8.1,43.1
8.39,43.39
8.09,43.09
8.54,43.54
8.55,43.55
8.73,43.73
8.13,57.13
8.04,57.04
8.52,57.52
8.15,57.15
8.68,57.68
8.12,57.12
8.29,57.29
8.68,57.68
8.34,57.34
8.37,57.37
8.54,61.54
8.15,61.15
8.87,61.87
8.44,61.44
8.25,61.25
8.33,61.33
8.51,61.51
8.23,61.23
8.31,61.31
8.21,61.21
8.12,80.12
8.39,80.39
8.79,80.79
8.1,80.1
8.59,80.59
8.07,80.07
8.18,80.18
8.93,80.93
8.59,80.59
8.06,80.06
8.38,81.38
8.96,81.96
8.4,81.4
8.81,81.81
8.8,81.8
8.5,81.5
8.5,81.5
8.45,81.45
8.6,81.6
8.19,81.19
9.05,18.05
9.17,18.17
9.79,18.79
9.07,18.07
9.3,18.3
9.22,18.22
9.4,18.4
9.48,18.48
9.9,18.9
9.31,18.31
9.64,41.64
9.79,41.79
9.16,41.16
9.95,41.95
9.88,41.88
9.61,41.61
9.67,41.67
9.81,41.81
9.3,41.3
9.12,41.12
9.64,57.64
9.11,57.11
9.9,57.9
9.11,57.11
9.46,57.46
9.61,57.61
9.27,57.27
9.73,57.73
9.45,57.45
9.87,57.87
9.89,58.89
9.56,58.56
9.19,58.19
9.18,58.18
9.23,58.23
9.46,58.46
9.23,58.23
9.45,58.45
9.14,58.14
9.53,58.53
9.06,59.06
9.8,59.8
9.82,59.82
9.7,59.7
9.61,59.61
9.93,59.93
9.24,59.24
9.96,59.96
9.37,59.37
9.64,59.64
9.55,60.55
9.05,60.05
9.34,60.34
9.44,60.44
9.12,60.12
9.02,60.02
9.4,60.4
9.78,60.78
9.31,60.31
9.45,60.45
9.95,61.95
9.42,61.42
9.56,61.56
9.41,61.41
9.03,61.03
9.92,61.92
9.01,61.01
9.65,61.65
9.59,61.59
9.54,61.54
9.62,80.62
9.61,80.61
9.32,80.32
9.26,80.26
9.05,80.05
9.03,80.03
9.94,80.94
9.57,80.57
9.54,80.54
9.96,80.96
10.61,5.61
10.52,5.52
10.39,5.39
10.55,5.55
10.82,5.82
10.69,5.6899999999999995
10.92,5.92
10.95,5.95
10.43,5.43
10.47,5.47
10.5,6.5
10.42,6.42
10.74,6.74
10.95,6.95
10.52,6.52
10.04,6.04
10.84,6.84
10.47,6.47
10.96,6.96
10.3,6.3
10.91,7.91
10.14,7.14
10.78,7.78
10.68,7.68
10.15,7.15
10.34,7.34
10.69,7.6899999999999995
10.74,7.74
10.22,7.22
10.38,7.38
10.62,8.62
10.27,8.27
10.02,8.02
10.21,8.21
10.11,8.11
10.55,8.55
10.7,8.7
10.16,8.16
10.85,8.85
10.08,8.08
10.77,9.77
10.97,9.97
10.4,9.4
10.71,9.71
10.86,9.86
10.52,9.52
10.36,9.36
10.5,9.5
10.27,9.27
10.31,9.31
10.2,10.2
10.19,10.19
10.66,10.66
10.0,10.0
10.93,10.93
10.46,10.46
10.75,10.75
10.38,10.38
10.31,10.31
10.3,10.3
10.76,18.76
10.38,18.38
10.53,18.53
10.25,18.25
10.04,18.04
10.12,18.12
10.39,18.39
10.99,18.99
10.57,18.57
10.82,18.82
10.84,41.84
10.14,41.14
10.3,41.3
10.11,41.11
10.12,41.12
10.16,41.16
10.31,41.31
10.6,41.6
10.08,41.08
10.69,41.69
10.66,57.66
10.03,57.03
10.84,57.84
10.14,57.14
10.14,57.14
10.28,57.28
10.35,57.35
10.54,57.54
10.27,57.27
10.29,57.29
10.34,60.34
10.86,60.86
10.53,60.53
10.83,60.83
10.86,60.86
10.86,60.86
10.76,60.76
10.02,60.02
10.39,60.39
10.34,60.34
10.32,80.32
10.15,80.15
10.2,80.2
10.36,80.36
10.49,80.49
10.68,80.68
10.01,80.01
10.41,80.41
10.93,80.93
10.44,80.44
11.36,2.36
11.89,2.89
11.56,2.56
11.05,2.05
11.63,2.63
11.47,2.4699999999999998
11.88,2.88
11.7,2.7
11.81,2.81
11.59,2.59
11.43,3.43
11.03,3.03
11.18,3.18
11.06,3.06
11.81,3.81
11.99,3.99
11.92,3.92
11.1,3.1
11.7,3.7
11.0,3.0
11.71,4.71
11.7,4.7
11.05,4.05
11.6,4.6
11.12,4.12
11.84,4.84
11.59,4.59
11.12,4.12
11.49,4.49
11.68,4.68
11.68,5.68
11.61,5.61
11.94,5.9399999999999995
11.59,5.59
11.86,5.86
11.4,5.4
11.5,5.5
11.31,5.31
11.01,5.01
11.37,5.37
11.15,10.15
11.82,10.82
11.56,10.56
11.36,10.36
11.91,10.91
11.15,10.15
11.48,10.48
11.58,10.58
11.62,10.62
11.23,10.23
11.4,11.4
12.0,12.0
11.44,11.44
11.17,11.17
11.9,11.9
11.46,11.46
11.45,11.45
11.71,11.71
11.5,11.5
11.4,11.4
11.59,12.59
11.94,12.94
11.64,12.64
11.02,12.02
11.29,12.29
11.4,12.4
11.91,12.91
12.0,13.0
11.83,12.83
11.38,12.38
11.46,13.46
11.3,13.3
11.13,13.13
11.1,13.1
11.99,13.99
11.14,13.14
11.87,13.87
11.16,13.16
11.89,13.89
11.47,13.47
11.6,14.6
11.66,14.66
11.52,14.52
11.14,14.14
11.83,14.83
11.1,14.1
11.74,14.74
11.43,14.43
11.0,14.0
11.62,14.62
11.6,18.6
11.36,18.36
11.86,18.86
11.5,18.5
11.69,18.69
11.17,18.17
11.1,18.1
11.94,18.94
11.15,18.15
11.7,18.7
11.41,41.41
11.99,41.99
11.64,41.64
11.06,41.06
11.57,41.57
11.81,41.81
11.17,41.17
11.71,41.71
11.78,41.78
11.83,41.83
11.44,57.44
11.29,57.29
11.56,57.56
11.4,57.4
11.09,57.09
11.85,57.85
11.0,57.0
11.05,57.05
11.58,57.58
11.61,57.61
11.48,60.48
11.02,60.02
11.22,60.22
11.64,60.64
11.72,60.72
11.57,60.57
11.53,60.53
11.8,60.8
11.94,60.94
11.81,60.81
11.78,61.78
11.96,61.96
11.88,61.88
11.19,61.19
11.19,61.19
11.17,61.17
11.19,61.19
11.54,61.54
11.6,61.6
11.63,61.63
11.77,62.77
11.43,62.43
11.28,62.28
11.24,62.24
11.68,62.68
11.58,62.58
11.06,62.06
11.56,62.56
11.25,62.25
11.82,62.82
11.35,80.35
11.04,80.04
11.56,80.56
11.85,80.85
11.11,80.11
11.09,80.09
11.61,80.61
11.65,80.65
11.54,80.54
11.77,80.77
11.42,81.42
11.86,81.86
11.86,81.86
11.75,81.75
11.92,81.92
11.09,81.09
11.1,81.1
11.8,81.8
11.81,81.81
11.93,81.93
12.6,2.6
12.69,2.69
12.53,2.5300000000000002
12.0,2.0
12.88,2.88
12.2,2.2
12.81,2.81
12.1,2.1
12.54,2.54
12.93,2.93
12.88,14.88
12.27,14.27
12.82,14.82
12.9,14.9
12.3,14.3
12.91,14.91
12.47,14.47
12.68,14.68
12.72,14.72
12.13,14.13
12.76,17.76
12.11,17.11
12.68,17.68
12.59,17.59
12.89,17.89
12.17,17.17
12.13,17.13
12.06,17.06
12.75,17.75
12.61,17.61
12.66,18.66
12.06,18.06
12.45,18.45
12.82,18.82
12.82,18.82
12.37,18.37
12.9,18.9
12.09,18.09
12.41,18.41
12.01,18.01
12.64,22.64
12.72,22.72
12.7,22.7
12.63,22.63
12.82,22.82
12.03,22.03
12.02,22.02
12.04,22.04
12.06,22.06
12.7,22.7
12.94,23.94
12.54,23.54
12.52,23.52
12.89,23.89
12.54,23.54
12.78,23.78
12.46,23.46
12.08,23.08
12.49,23.49
12.73,23.73
12.59,24.59
12.07,24.07
13.0,25.0
12.89,24.89
12.23,24.23
12.24,24.24
12.34,24.34
12.38,24.38
12.29,24.29
12.78,24.78
12.04,25.04
12.73,25.73
12.17,25.17
12.12,25.12
12.96,25.96
12.05,25.05
12.01,25.01
12.28,25.28
12.18,25.18
12.69,25.69
12.21,26.21
12.26,26.26
12.21,26.21
12.17,26.17
12.21,26.21
12.84,26.84
12.34,26.34
12.95,26.95
12.64,26.64
12.24,26.24
12.65,27.65
12.5,27.5
12.27,27.27
12.31,27.31
12.03,27.03
12.24,27.24
12.74,27.74
12.4,27.4
12.71,27.71
12.17,27.17
12.23,28.23
12.93,28.93
12.45,28.45
12.69,28.69
12.16,28.16
12.81,28.81
12.18,28.18
12.14,28.14
12.67,28.67
12.43,28.43
12.38,29.38
12.45,29.45
12.16,29.16
12.63,29.63
12.12,29.12
12.45,29.45
12.58,29.58
12.31,29.31
12.55,29.55
12.75,29.75
12.17,41.17
12.26,41.26
12.58,41.58
12.61,41.61
12.36,41.36
12.54,41.54
12.49,41.49
12.33,41.33
12.81,41.81
12.84,41.84
12.05,42.05
12.29,42.29
12.32,42.32
12.42,42.42
12.91,42.91
12.4,42.4
12.23,42.23
12.58,42.58
12.4,42.4
12.05,42.05
12.15,57.15
12.2,57.2
12.37,57.37
12.2,57.2
12.67,57.67
12.1,57.1
12.16,57.16
12.38,57.38
12.93,57.93
12.27,57.27
12.58,58.58
12.43,58.43
12.08,58.08
12.73,58.73
12.45,58.45
12.32,58.32
12.28,58.28
12.89,58.89
12.17,58.17
12.7,58.7
12.61,62.61
12.7,62.7
12.07,62.07
12.3,62.3
12.76,62.76
12.67,62.67
12.61,62.61
12.37,62.37
12.13,62.13
12.64,62.64
12.73,81.73
12.54,81.54
12.88,81.88
12.72,81.72
12.2,81.2
12.14,81.14
12.01,81.01
12.97,81.97
12.16,81.16
12.94,81.94
13.49,2.49
13.11,2.11
13.82,2.82
13.68,2.68
13.71,2.71
13.39,2.39
13.68,2.68
13.34,2.34
13.15,2.15
13.43,2.43
13.44,14.44
13.93,14.93
13.15,14.15
13.58,14.58
13.78,14.78
13.83,14.83
13.18,14.18
13.6,14.6
13.86,14.86
13.03,14.03
13.49,15.49
13.41,15.41
13.86,15.86
13.87,15.87
13.3,15.3
13.88,15.88
13.37,15.37
13.31,15.31
13.52,15.52
13.12,15.12
13.58,16.58
13.66,16.66
13.7,16.7
13.41,16.41
13.85,16.85
13.77,16.77
13.49,16.49
13.61,16.61
13.07,16.07
13.66,16.66
13.34,17.34
13.87,17.87
13.88,17.88
13.7,17.7
13.33,17.33
13.45,17.45
13.89,17.89
13.03,17.03
13.35,17.35
13.76,17.76
13.97,22.97
13.55,22.55
13.38,22.38
13.13,22.13
13.67,22.67
13.7,22.7
13.06,22.06
13.2,22.2
13.73,22.73
13.15,22.15
13.19,29.19
13.82,29.82
13.84,29.84
13.13,29.13
13.99,29.99
13.39,29.39
13.15,29.15
13.14,29.14
13.93,29.93
13.18,29.18
13.34,42.34
13.0,42.0
13.27,42.27
13.54,42.54
13.6,42.6
13.45,42.45
13.52,42.52
13.06,42.06
13.4,42.4
13.0,42.0
13.64,58.64
13.09,58.09
13.03,58.03
13.99,58.99
13.43,58.43
13.88,58.88
13.11,58.11
13.63,58.63
13.74,58.74
13.68,58.68
13.13,62.13
13.55,62.55
13.51,62.51
13.52,62.52
13.8,62.8
13.7,62.7
13.36,62.36
13.67,62.67
13.37,62.37
13.97,62.97
13.51,63.51
13.37,63.37
13.06,63.06
13.74,63.74
13.06,63.06
13.28,63.28
13.58,63.58
13.7,63.7
13.42,63.42
13.84,63.84
13.42,64.42
13.16,64.16
13.16,64.16
13.6,64.6
13.43,64.43
13.99,64.99
13.44,64.44
13.98,64.98
13.11,64.11
13.17,64.17
13.13,80.13
13.28,80.28
13.84,80.84
13.45,80.45
13.28,80.28
13.41,80.41
13.46,80.46
13.66,80.66
13.38,80.38
13.73,80.73
13.78,81.78
13.1,81.1
13.19,81.19
13.38,81.38
13.41,81.41
13.94,81.94
13.5,81.5
13.43,81.43
13.01,81.01
13.35,81.35
14.43,1.43
14.7,1.7
14.77,1.77
14.51,1.51
14.6,1.6
14.28,1.28
14.72,1.72
14.21,1.21
14.15,1.15
14.38,1.38
14.13,2.13
14.11,2.11
14.59,2.59
14.63,2.63
14.9,2.9
14.44,2.44
14.84,2.84
14.36,2.36
14.64,2.64
14.5,2.5
14.82,14.82
14.97,14.97
14.89,14.89
14.36,14.36
14.23,14.23
14.0,14.0
14.3,14.3
14.69,14.69
14.42,14.42
14.88,14.88
14.84,17.84
14.06,17.06
14.61,17.61
14.2,17.2
14.23,17.23
14.38,17.38
14.57,17.57
14.93,17.93
14.7,17.7
14.88,17.88
14.91,18.91
14.29,18.29
14.1,18.1
14.09,18.09
14.05,18.05
14.91,18.91
14.69,18.69
14.83,18.83
14.07,18.07
14.37,18.37
14.2,19.2
14.79,19.79
14.91,19.91
14.16,19.16
14.31,19.31
14.9,19.9
14.51,19.51
14.03,19.03
14.92,19.92
14.81,19.81
14.03,20.03
14.97,20.97
14.41,20.41
14.11,20.11
14.5,20.5
14.95,20.95
14.31,20.31
14.6,20.6
14.28,20.28
14.2,20.2
14.61,21.61
14.43,21.43
14.09,21.09
14.0,21.0
14.95,21.95
14.13,21.13
14.52,21.52
14.56,21.56
14.49,21.49
14.34,21.34
14.59,22.59
14.62,22.62
14.14,22.14
14.19,22.19
14.52,22.52
14.94,22.94
14.09,22.09
14.87,22.87
14.52,22.52
14.21,22.21
14.36,29.36
14.52,29.52
14.55,29.55
14.19,29.19
14.39,29.39
14.11,29.11
14.85,29.85
14.2,29.2
14.57,29.57
14.84,29.84
14.52,30.52
14.34,30.34
15.0,31.0
14.97,30.97
14.56,30.56
14.89,30.89
14.93,30.93
14.02,30.02
14.27,30.27
14.69,30.69
14.82,42.82
14.73,42.73
14.08,42.08
14.59,42.59
14.97,42.97
14.49,42.49
14.14,42.14
14.12,42.12
14.62,42.62
14.82,42.82
14.97,56.97
14.63,56.63
14.75,56.75
14.56,56.56
14.85,56.85
14.31,56.31
14.01,56.01
14.87,56.87
14.53,56.53
14.88,56.88
14.07,58.07
14.02,58.02
14.57,58.57
14.69,58.69
14.47,58.47
14.15,58.15
14.72,58.72
14.41,58.41
14.12,58.12
14.07,58.07
14.17,64.17
14.79,64.79
14.03,64.03
14.22,64.22
14.34,64.34
14.21,64.21
14.33,64.33
14.0,64.0
14.41,64.41
14.91,64.91
14.98,80.98
14.82,80.82
14.57,80.57
14.24,80.24
14.32,80.32
14.12,80.12
14.12,80.12
14.62,80.62
14.91,80.91
14.36,80.36
14.41,81.41
15.0,82.0
14.53,81.53
14.65,81.65
14.71,81.71
14.21,81.21
14.82,81.82
14.19,81.19
14.27,81.27
14.29,81.29
15.78,1.78
15.33,1.33
15.01,1.01
15.58,1.58
15.92,1.92
16.0,2.0
15.3,1.3
15.33,1.33
15.15,1.15
15.08,1.08
15.84,14.84
15.56,14.56
15.6,14.6
15.54,14.54
15.81,14.81
15.6,14.6
15.72,14.72
15.7,14.7
15.53,14.53
15.98,14.98
15.73,17.73
15.96,17.96
15.74,17.74
15.24,17.24
15.85,17.85
15.13,17.13
15.04,17.04
15.24,17.24
15.62,17.62
15.64,17.64
15.76,22.76
15.58,22.58
15.5,22.5
15.56,22.56
15.99,22.99
15.45,22.45
15.41,22.41
15.72,22.72
15.33,22.33
15.17,22.17
15.74,30.74
15.59,30.59
15.44,30.44
15.9,30.9
15.01,30.01
15.1,30.1
15.7,30.7
15.31,30.31
15.27,30.27
15.03,30.03
15.78,42.78
15.33,42.33
15.57,42.57
15.34,42.34
15.73,42.73
15.95,42.95
15.32,42.32
15.68,42.68
16.0,43.0
15.43,42.43
15.57,43.57
15.94,43.94
15.96,43.96
15.26,43.26
15.58,43.58
15.57,43.57
15.51,43.51
15.43,43.43
15.54,43.54
15.18,43.18
15.85,56.85
15.61,56.61
15.81,56.81
15.16,56.16
15.55,56.55
15.68,56.68
15.2,56.2
15.23,56.23
15.67,56.67
15.01,56.01
15.79,57.79
15.68,57.68
15.78,57.78
15.66,57.66
15.55,57.55
15.4,57.4
15.75,57.75
15.51,57.51
15.66,57.66
15.28,57.28
15.91,58.91
15.71,58.71
15.35,58.35
15.44,58.44
15.07,58.07
15.82,58.82
15.53,58.53
15.77,58.77
15.87,58.87
15.01,58.01
15.76,64.76
15.71,64.71
15.6,64.6
15.26,64.26
15.26,64.26
15.17,64.17
15.78,64.78
15.05,64.05
15.37,64.37
15.5,64.5
15.82,81.82
15.55,81.55
15.01,81.01
15.59,81.59
15.61,81.61
15.1,81.1
15.92,81.92
15.42,81.42
15.7,81.7
15.28,81.28
16.89,1.8900000000000001
16.17,1.17
16.5,1.5
16.73,1.73
16.45,1.45
16.87,1.87
16.24,1.24
16.97,1.97
16.08,1.08
16.67,1.67
16.5,12.5
16.19,12.19
16.28,12.28
16.17,12.17
16.22,12.22
16.5,12.5
16.15,12.15
16.38,12.38
16.27,12.27
16.31,12.31
16.05,13.05
16.87,13.87
16.76,13.76
16.83,13.83
16.59,13.59
16.7,13.7
16.75,13.75
16.79,13.79
16.51,13.51
16.63,13.63
16.31,14.31
16.15,14.15
16.12,14.12
16.43,14.43
16.42,14.42
16.29,14.29
16.27,14.27
16.53,14.53
16.04,14.04
16.33,14.33
16.13,17.13
16.6,17.6
16.13,17.13
16.07,17.07
16.51,17.51
16.9,17.9
16.06,17.06
16.92,17.92
16.31,17.31
16.69,17.69
16.45,18.45
16.61,18.61
16.28,18.28
16.62,18.62
16.68,18.68
16.28,18.28
16.02,18.02
16.93,18.93
16.72,18.72
16.16,18.16
16.25,22.25
16.08,22.08
16.3,22.3
16.99,22.99
16.0,22.0
16.03,22.03
16.52,22.52
16.29,22.29
16.21,22.21
16.68,22.68
16.03,30.03
16.95,30.95
16.95,30.95
16.12,30.12
16.94,30.94
16.64,30.64
16.62,30.62
16.91,30.91
16.45,30.45
16.34,30.34
16.58,43.58
16.21,43.21
16.26,43.26
16.45,43.45
17.0,44.0
16.73,43.73
16.69,43.69
16.41,43.41
16.83,43.83
17.0,44.0
16.33,55.33
16.84,55.84
16.22,55.22
16.12,55.12
16.1,55.1
16.1,55.1
16.43,55.43
16.05,55.05
16.35,55.35
16.37,55.37
16.26,56.26
16.66,56.66
16.96,56.96
16.08,56.08
16.54,56.54
16.17,56.17
16.04,56.04
16.08,56.08
16.34,56.34
16.54,56.54
16.41,57.41
16.72,57.72
16.42,57.42
16.14,57.14
16.02,57.02
16.7,57.7
16.68,57.68
16.42,57.42
16.82,57.82
16.15,57.15
16.0,64.0
16.56,64.56
16.63,64.63
16.11,64.11
16.4,64.4
16.91,64.91
16.12,64.12
16.24,64.24
16.44,64.44
16.67,64.67
16.37,68.37
16.62,68.62
16.96,68.96
16.77,68.77
16.62,68.62
16.2,68.2
16.26,68.26
16.06,68.06
16.97,68.97
16.71,68.71
16.72,69.72
16.54,69.54
16.2,69.2
16.82,69.82
16.7,69.7
16.59,69.59
16.78,69.78
16.41,69.41
16.14,69.14
16.29,69.29
16.14,70.14
16.7,70.7
16.64,70.64
16.01,70.01
16.09,70.09
16.72,70.72
16.08,70.08
16.58,70.58
16.3,70.3
16.24,70.24
16.47,74.47
16.93,74.93
16.29,74.29
16.07,74.07
16.25,74.25
16.34,74.34
16.87,74.87
16.56,74.56
16.72,74.72
16.8,74.8
16.9,75.9
16.64,75.64
16.38,75.38
16.51,75.51
16.34,75.34
16.14,75.14
16.56,75.56
16.19,75.19
16.16,75.16
16.85,75.85
16.16,76.16
16.31,76.31
16.36,76.36
16.53,76.53
16.3,76.3
16.6,76.6
16.94,76.94
16.29,76.29
16.25,76.25
16.03,76.03
16.1,77.1
16.89,77.89
16.9,77.9
16.04,77.04
16.54,77.54
16.6,77.6
16.69,77.69
16.14,77.14
16.73,77.73
16.28,77.28
16.48,80.48
16.59,80.59
16.2,80.2
16.11,80.11
16.72,80.72
16.74,80.74
16.4,80.4
16.7,80.7
16.45,80.45
16.79,80.79
16.83,81.83
16.94,81.94
16.33,81.33
16.93,81.93
16.79,81.79
16.51,81.51
16.46,81.46
16.96,81.96
16.66,81.66
16.32,81.32
17.3,1.3
17.77,1.77
17.86,1.8599999999999999
17.09,1.09
17.72,1.72
17.81,1.81
17.87,1.87
17.55,1.55
17.06,1.06
17.71,1.71
17.49,12.49
17.44,12.44
17.64,12.64
17.68,12.68
17.35,12.35
17.67,12.67
17.99,12.99
17.9,12.9
18.0,13.0
17.93,12.93
17.29,18.29
17.38,18.38
17.74,18.74
17.99,18.99
17.77,18.77
17.18,18.18
17.43,18.43
17.85,18.85
17.03,18.03
17.52,18.52
17.58,22.58
17.58,22.58
17.32,22.32
17.97,22.97
17.56,22.56
18.0,23.0
17.23,22.23
17.74,22.74
17.69,22.69
17.18,22.18
17.57,29.57
17.25,29.25
17.5,29.5
17.89,29.89
17.15,29.15
17.35,29.35
17.15,29.15
17.82,29.82
17.97,29.97
17.92,29.92
17.5,30.5
17.81,30.81
17.73,30.73
17.62,30.62
17.34,30.34
17.47,30.47
18.0,31.0
17.53,30.53
17.19,30.19
17.51,30.51
17.29,41.29
17.79,41.79
17.47,41.47
17.98,41.98
17.18,41.18
17.58,41.58
17.27,41.27
17.68,41.68
17.5,41.5
17.46,41.46
17.28,42.28
17.39,42.39
17.01,42.01
17.97,42.97
17.94,42.94
17.14,42.14
17.17,42.17
17.02,42.02
17.45,42.45
17.27,42.27
17.49,43.49
17.88,43.88
17.69,43.69
17.25,43.25
17.22,43.22
17.88,43.88
17.56,43.56
17.07,43.07
17.38,43.38
17.34,43.34
17.47,55.47
17.48,55.48
17.3,55.3
17.45,55.45
17.33,55.33
17.53,55.53
17.8,55.8
17.53,55.53
17.44,55.44
17.13,55.13
17.03,64.03
17.48,64.48
17.32,64.32
17.01,64.01
17.08,64.08
17.42,64.42
17.01,64.01
17.74,64.74
17.31,64.31
17.7,64.7
17.96,65.96
17.78,65.78
17.57,65.57
17.72,65.72
17.0,65.0
17.53,65.53
17.94,65.94
17.13,65.13
17.07,65.07
17.47,65.47
17.39,66.39
17.09,66.09
17.89,66.89
17.75,66.75
17.69,66.69
17.91,66.91
17.39,66.39
17.19,66.19
17.75,66.75
17.97,66.97
17.36,67.36
17.48,67.48
17.71,67.71
17.81,67.81
17.34,67.34
17.75,67.75
17.88,67.88
17.11,67.11
17.72,67.72
17.77,67.77
17.3,68.3
17.59,68.59
17.71,68.71
17.72,68.72
17.1,68.1
17.84,68.84
17.19,68.19
18.0,69.0
17.68,68.68
17.85,68.85
17.03,70.03
17.67,70.67
17.41,70.41
17.0,70.0
17.44,70.44
17.24,70.24
17.81,70.81
17.49,70.49
17.87,70.87
17.72,70.72
17.61,71.61
17.51,71.51
17.9,71.9
17.17,71.17
17.94,71.94
17.69,71.69
17.9,71.9
17.58,71.58
17.01,71.01
17.49,71.49
17.09,72.09
17.09,72.09
17.7,72.7
17.77,72.77
17.05,72.05
17.66,72.66
17.76,72.76
17.42,72.42
17.5,72.5
17.61,72.61
17.77,73.77
17.93,73.93
17.37,73.37
17.16,73.16
17.04,73.04
17.2,73.2
17.75,73.75
17.42,73.42
17.81,73.81
17.68,73.68
17.26,74.26
17.34,74.34
17.83,74.83
17.51,74.51
17.84,74.84
17.44,74.44
17.26,74.26
17.11,74.11
17.49,74.49
17.53,74.53
17.72,77.72
17.93,77.93
17.33,77.33
17.39,77.39
17.13,77.13
17.97,77.97
17.29,77.29
17.76,77.76
17.83,77.83
17.73,77.73
17.24,78.24
17.36,78.36
17.59,78.59
17.73,78.73
17.67,78.67
17.96,78.96
17.0,78.0
17.12,78.12
17.37,78.37
17.47,78.47
17.25,79.25
17.24,79.24
17.13,79.13
17.32,79.32
17.35,79.35
17.84,79.84
17.31,79.31
17.33,79.33
17.67,79.67
17.21,79.21
17.02,80.02
17.63,80.63
17.14,80.14
17.41,80.41
17.39,80.39
17.75,80.75
17.36,80.36
17.45,80.45
17.09,80.09
17.7,80.7
18.58,1.58
18.95,1.95
18.65,1.65
18.18,1.18
18.66,1.6600000000000001
18.75,1.75
18.82,1.8199999999999998
18.32,1.32
18.78,1.78
18.41,1.41
18.61,2.61
18.9,2.9
18.34,2.34
18.91,2.91
18.69,2.69
18.84,2.84
18.48,2.48
18.21,2.21
18.93,2.93
18.05,2.05
18.59,3.59
19.0,4.0
18.67,3.67
18.44,3.44
18.65,3.65
18.08,3.08
18.79,3.79
18.52,3.52
18.55,3.55
18.94,3.94
18.0,4.0
18.86,4.86
18.57,4.57
18.67,4.67
18.34,4.34
18.0,4.0
18.77,4.77
18.42,4.42
18.93,4.93
18.19,4.19
18.56,12.56
18.01,12.01
18.7,12.7
18.31,12.31
18.09,12.09
18.84,12.84
18.91,12.91
18.37,12.37
18.12,12.12
18.27,12.27
18.35,18.35
18.85,18.85
18.29,18.29
18.01,18.01
18.13,18.13
18.22,18.22
18.08,18.08
18.76,18.76
18.29,18.29
18.7,18.7
18.68,22.68
18.02,22.02
18.35,22.35
18.26,22.26
18.13,22.13
18.44,22.44
18.49,22.49
18.08,22.08
18.01,22.01
18.27,22.27
18.48,23.48
18.6,23.6
18.66,23.66
18.54,23.54
18.46,23.46
18.35,23.35
19.0,24.0
18.25,23.25
18.41,23.41
18.97,23.97
18.63,24.63
18.57,24.57
18.83,24.83
18.92,24.92
18.0,24.0
18.73,24.73
18.5,24.5
18.3,24.3
18.19,24.19
18.72,24.72
18.35,29.35
18.94,29.94
18.14,29.14
18.97,29.97
18.57,29.57
18.94,29.94
18.84,29.84
18.48,29.48
18.51,29.51
18.17,29.17
18.22,41.22
18.43,41.43
18.58,41.58
18.66,41.66
18.78,41.78
18.01,41.01
18.98,41.98
18.68,41.68
18.8,41.8
18.01,41.01
18.97,55.97
18.13,55.13
18.99,55.99
18.87,55.87
18.9,55.9
18.16,55.16
18.68,55.68
18.06,55.06
18.73,55.73
18.66,55.66
18.47,56.47
18.8,56.8
18.5,56.5
18.68,56.68
18.81,56.81
18.26,56.26
18.55,56.55
18.55,56.55
18.75,56.75
18.02,56.02
19.56,1.56
19.74,1.74
19.51,1.51
19.89,1.8900000000000001
19.15,1.15
19.06,1.06
19.84,1.8399999999999999
19.96,1.96
19.52,1.52
19.94,1.94
19.92,2.92
19.54,2.54
19.95,2.95
19.99,2.99
19.63,2.63
19.18,2.18
19.4,2.4
19.28,2.2800000000000002
19.62,2.62
19.11,2.11
19.37,4.37
19.89,4.89
19.15,4.15
19.73,4.73
19.53,4.53
19.94,4.9399999999999995
20.0,5.0
20.0,5.0
19.15,4.15
19.48,4.48
19.71,5.71
19.84,5.84
19.15,5.15
19.59,5.59
19.62,5.62
19.81,5.8100000000000005
19.01,5.01
19.44,5.44
19.98,5.98
19.94,5.9399999999999995
19.38,6.38
19.68,6.68
19.44,6.44
19.04,6.04
19.85,6.85
19.14,6.14
19.96,6.96
19.09,6.09
19.91,6.91
19.76,6.76
19.27,12.27
19.89,12.89
19.31,12.31
19.26,12.26
19.95,12.95
19.48,12.48
19.5,12.5
19.61,12.61
19.87,12.87
19.21,12.21
19.08,17.08
19.28,17.28
19.05,17.05
19.99,17.99
19.29,17.29
19.87,17.87
19.15,17.15
19.26,17.26
19.41,17.41
19.09,17.09
19.38,18.38
19.67,18.67
19.31,18.31
19.58,18.58
19.38,18.38
19.58,18.58
19.43,18.43
19.39,18.39
19.08,18.08
19.0,18.0
19.52,24.52
19.14,24.14
19.94,24.94
19.64,24.64
19.07,24.07
19.46,24.46
19.87,24.87
19.78,24.78
19.01,24.01
19.36,24.36
19.42,25.42
19.83,25.83
19.14,25.14
19.79,25.79
19.04,25.04
19.57,25.57
19.68,25.68
19.21,25.21
19.45,25.45
19.88,25.88
19.48,26.48
19.0,26.0
19.36,26.36
19.59,26.59
19.59,26.59
19.04,26.04
19.81,26.81
19.22,26.22
19.17,26.17
19.18,26.18
19.64,27.64
19.13,27.13
19.46,27.46
19.56,27.56
19.72,27.72
19.94,27.94
19.11,27.11
19.88,27.88
19.19,27.19
19.37,27.37
19.26,28.26
19.69,28.69
19.53,28.53
19.84,28.84
19.3,28.3
19.97,28.97
20.0,29.0
19.64,28.64
19.4,28.4
19.27,28.27
19.4,29.4
19.36,29.36
19.59,29.59
19.68,29.68
19.92,29.92
19.74,29.74
19.6,29.6
19.67,29.67
20.0,30.0
19.42,29.42
19.11,41.11
19.19,41.19
19.53,41.53
19.43,41.43
19.95,41.95
19.24,41.24
19.6,41.6
19.51,41.51
19.37,41.37
19.13,41.13
19.9,56.9
19.8,56.8
19.22,56.22
19.64,56.64
19.97,56.97
19.73,56.73
19.8,56.8
19.17,56.17
19.57,56.57
19.0,56.0
20.88,1.88
20.86,1.8599999999999999
20.94,1.94
20.98,1.98
20.18,1.18
20.78,1.78
20.82,1.8199999999999998
20.04,1.04
20.81,1.81
20.8,1.8
20.4,2.4
20.97,2.9699999999999998
20.25,2.25
20.75,2.75
20.7,2.7
20.22,2.22
20.87,2.87
20.88,2.88
20.82,2.82
20.31,2.31
20.14,6.14
20.21,6.21
20.43,6.43
20.84,6.84
20.53,6.53
20.32,6.32
20.77,6.77
20.59,6.59
20.65,6.65
20.38,6.38
20.38,7.38
20.0,7.0
20.74,7.74
20.11,7.11
20.43,7.43
20.48,7.48
20.13,7.13
20.21,7.21
20.26,7.26
20.95,7.95
20.54,8.54
20.65,8.65
20.61,8.61
20.64,8.64
20.4,8.4
20.67,8.67
20.49,8.49
20.41,8.41
20.47,8.47
20.03,8.03
20.41,9.41
20.95,9.95
20.51,9.51
20.49,9.49
20.74,9.74
20.15,9.15
20.65,9.65
20.38,9.38
20.28,9.28
20.65,9.65
20.92,10.92
20.48,10.48
20.99,10.99
20.46,10.46
20.03,10.03
20.47,10.47
20.79,10.79
20.32,10.32
20.37,10.37
20.18,10.18
20.98,11.98
20.33,11.33
20.11,11.11
20.13,11.13
20.15,11.15
20.19,11.19
20.57,11.57
20.88,11.88
20.03,11.03
20.06,11.06
20.84,12.84
20.0,12.0
20.31,12.31
20.32,12.32
20.15,12.15
20.71,12.71
20.24,12.24
20.06,12.06
20.41,12.41
20.34,12.34
20.88,17.88
20.94,17.94
20.04,17.04
20.32,17.32
20.73,17.73
20.56,17.56
20.81,17.81
20.42,17.42
20.05,17.05
20.05,17.05
20.68,18.68
20.27,18.27
20.3,18.3
20.31,18.31
20.5,18.5
20.25,18.25
20.68,18.68
20.37,18.37
20.11,18.11
20.51,18.51
20.63,41.63
20.34,41.34
20.31,41.31
20.84,41.84
20.31,41.31
20.04,41.04
20.97,41.97
20.82,41.82
20.41,41.41
20.65,41.65
20.93,56.93
20.53,56.53
20.3,56.3
20.66,56.66
20.3,56.3
20.06,56.06
20.52,56.52
20.01,56.01
20.51,56.51
20.94,56.94
21.5,18.5
21.31,18.31
21.64,18.64
21.12,18.12
21.26,18.26
21.87,18.87
22.0,19.0
21.24,18.24
21.9,18.9
21.9,18.9
21.85,41.85
21.46,41.46
21.39,41.39
21.7,41.7
21.75,41.75
21.67,41.67
21.65,41.65
21.98,41.98
21.48,41.48
21.11,41.11
21.29,56.29
21.45,56.45
21.45,56.45
21.5,56.5
21.1,56.1
21.39,56.39
21.56,56.56
21.64,56.64
21.73,56.73
21.69,56.69
22.53,18.53
22.22,18.22
22.48,18.48
22.29,18.29
22.88,18.88
22.87,18.87
22.08,18.08
22.29,18.29
22.74,18.74
22.91,18.91
22.95,41.95
22.17,41.17
22.06,41.06
22.06,41.06
22.27,41.27
22.04,41.04
22.42,41.42
22.63,41.63
22.94,41.94
22.93,41.93
22.39,48.39
22.93,48.93
22.29,48.29
22.17,48.17
22.03,48.03
22.8,48.8
22.29,48.29
22.99,48.99
22.56,48.56
22.82,48.82
22.85,49.85
22.26,49.26
22.6,49.6
22.2,49.2
22.03,49.03
22.85,49.85
22.77,49.77
22.81,49.81
22.02,49.02
22.29,49.29
22.89,50.89
22.06,50.06
22.18,50.18
22.66,50.66
22.74,50.74
22.2,50.2
22.0,50.0
22.36,50.36
22.68,50.68
22.09,50.09
22.97,51.97
22.78,51.78
22.17,51.17
22.56,51.56
22.95,51.95
22.18,51.18
22.38,51.38
22.15,51.15
22.46,51.46
22.91,51.91
22.93,54.93
22.44,54.44
22.83,54.83
22.32,54.32
22.54,54.54
22.62,54.62
22.77,54.77
22.4,54.4
22.72,54.72
22.15,54.15
22.19,55.19
22.8,55.8
22.35,55.35
22.8,55.8
22.04,55.04
22.19,55.19
22.51,55.51
22.26,55.26
22.78,55.78
22.81,55.81
22.68,56.68
22.05,56.05
22.0,56.0
22.8,56.8
22.57,56.57
22.85,56.85
22.55,56.55
22.22,56.22
22.87,56.87
22.68,56.68
22.14,57.14
22.32,57.32
22.14,57.14
22.96,57.96
22.53,57.53
22.52,57.52
22.67,57.67
22.22,57.22
22.28,57.28
22.82,57.82
22.94,66.94
22.74,66.74
22.8,66.8
22.45,66.45
22.51,66.51
22.92,66.92
22.01,66.01
22.43,66.43
22.78,66.78
22.15,66.15
22.79,67.79
22.27,67.27
22.46,67.46
22.98,67.98
22.68,67.68
22.7,67.7
22.37,67.37
22.91,67.91
22.84,67.84
22.71,67.71
22.43,68.43
22.23,68.23
22.23,68.23
22.69,68.69
22.76,68.76
22.31,68.31
22.87,68.87
22.49,68.49
22.81,68.81
22.32,68.32
22.39,69.39
22.74,69.74
22.12,69.12
22.06,69.06
22.69,69.69
22.18,69.18
22.8,69.8
22.12,69.12
23.0,70.0
22.86,69.86
22.49,73.49
22.46,73.46
22.54,73.54
22.17,73.17
22.1,73.1
22.0,73.0
22.07,73.07
22.54,73.54
22.54,73.54
22.16,73.16
22.48,74.48
22.38,74.38
22.62,74.62
22.36,74.36
22.67,74.67
22.33,74.33
22.22,74.22
22.6,74.6
22.05,74.05
22.76,74.76
22.56,75.56
22.25,75.25
22.48,75.48
22.89,75.89
22.7,75.7
22.35,75.35
22.31,75.31
22.04,75.04
22.59,75.59
22.42,75.42
22.11,76.11
22.2,76.2
22.47,76.47
22.8,76.8
22.74,76.74
22.28,76.28
22.28,76.28
22.72,76.72
22.97,76.97
22.43,76.43
22.89,77.89
22.32,77.32
23.0,78.0
22.51,77.51
22.85,77.85
22.14,77.14
22.6,77.6
22.14,77.14
22.2,77.2
22.7,77.7
23.22,8.22
23.86,8.86
23.73,8.73
23.65,8.65
23.88,8.88
23.54,8.54
23.48,8.48
23.25,8.25
23.65,8.65
23.84,8.84
23.35,9.35
23.28,9.28
23.95,9.95
23.87,9.87
23.19,9.19
23.12,9.12
23.86,9.86
23.86,9.86
23.51,9.51
23.52,9.52
23.45,10.45
23.64,10.64
23.7,10.7
23.87,10.87
23.1,10.1
23.03,10.03
23.11,10.11
23.93,10.93
23.69,10.69
23.78,10.78
23.61,11.61
23.36,11.36
23.13,11.13
23.34,11.34
23.81,11.81
23.98,11.98
23.25,11.25
23.88,11.88
23.68,11.68
23.23,11.23
23.51,12.51
23.74,12.74
23.36,12.36
23.31,12.31
23.83,12.83
23.62,12.62
23.1,12.1
23.07,12.07
23.66,12.66
23.8,12.8
23.16,13.16
23.59,13.59
23.17,13.17
23.93,13.93
23.75,13.75
23.16,13.16
23.88,13.88
23.74,13.74
23.0,13.0
23.24,13.24
23.96,18.96
23.85,18.85
23.0,18.0
23.24,18.24
23.59,18.59
23.08,18.08
23.64,18.64
23.51,18.51
23.53,18.53
23.25,18.25
23.01,19.01
23.25,19.25
23.58,19.58
23.28,19.28
23.42,19.42
23.69,19.69
23.54,19.54
23.42,19.42
23.75,19.75
23.5,19.5
23.76,41.76
23.69,41.69
23.51,41.51
23.84,41.84
23.43,41.43
23.27,41.27
23.77,41.77
23.17,41.17
23.33,41.33
23.61,41.61
23.4,42.4
23.06,42.06
23.45,42.45
23.25,42.25
23.16,42.16
23.39,42.39
23.92,42.92
23.73,42.73
23.57,42.57
23.26,42.26
23.55,43.55
23.35,43.35
23.42,43.42
23.19,43.19
23.76,43.76
23.03,43.03
23.76,43.76
23.83,43.83
23.87,43.87
23.47,43.47
23.39,48.39
23.68,48.68
23.08,48.08
23.65,48.65
23.45,48.45
23.05,48.05
23.83,48.83
23.78,48.78
23.02,48.02
23.04,48.04
23.04,51.04
23.52,51.52
23.86,51.86
23.83,51.83
23.08,51.08
23.94,51.94
23.32,51.32
23.73,51.73
23.9,51.9
23.5,51.5
23.71,54.71
23.92,54.92
23.55,54.55
23.12,54.12
23.21,54.21
23.19,54.19
23.17,54.17
23.28,54.28
23.57,54.57
23.09,54.09
23.11,57.11
23.69,57.69
23.1,57.1
23.5,57.5
23.73,57.73
23.69,57.69
23.41,57.41
23.43,57.43
23.75,57.75
23.03,57.03
23.05,66.05
23.94,66.94
23.72,66.72
23.17,66.17
23.98,66.98
23.78,66.78
23.3,66.3
23.75,66.75
23.83,66.83
23.24,66.24
23.39,69.39
23.1,69.1
23.03,69.03
23.18,69.18
23.46,69.46
23.13,69.13
23.88,69.88
23.69,69.69
23.01,69.01
23.18,69.18
23.48,70.48
23.73,70.73
23.11,70.11
23.46,70.46
23.07,70.07
23.21,70.21
23.76,70.76
23.49,70.49
23.8,70.8
23.51,70.51
23.85,71.85
23.59,71.59
23.46,71.46
23.85,71.85
23.33,71.33
23.05,71.05
23.18,71.18
23.49,71.49
23.94,71.94
23.35,71.35
23.25,72.25
23.23,72.23
23.0,72.0
23.02,72.02
23.58,72.58
23.47,72.47
23.63,72.63
23.94,72.94
23.01,72.01
23.82,72.82
23.19,73.19
23.12,73.12
23.29,73.29
23.89,73.89
23.95,73.95
23.51,73.51
24.0,74.0
23.55,73.55
23.34,73.34
23.14,73.14
23.01,77.01
23.63,77.63
23.23,77.23
23.93,77.93
23.91,77.91
23.58,77.58
23.18,77.18
23.54,77.54
23.79,77.79
23.65,77.65
23.22,78.22
23.58,78.58
23.88,78.88
23.95,78.95
23.19,78.19
23.57,78.57
23.84,78.84
23.9,78.9
23.35,78.35
23.12,78.12
23.79,79.79
23.05,79.05
23.23,79.23
23.9,79.9
23.64,79.64
23.17,79.17
23.15,79.15
23.93,79.93
23.72,79.72
23.67,79.67
23.14,80.14
23.17,80.17
23.08,80.08
23.08,80.08
23.38,80.38
23.88,80.88
23.8,80.8
23.01,80.01
23.68,80.68
23.77,80.77
24.12,8.12
24.0,8.0
24.99,8.99
24.96,8.96
24.57,8.57
24.53,8.53
24.44,8.44
24.63,8.63
24.2,8.2
24.01,8.01
24.54,13.54
24.16,13.16
24.36,13.36
24.35,13.35
24.03,13.03
24.85,13.85
24.87,13.87
24.62,13.62
24.6,13.6
24.42,13.42
24.61,19.61
24.27,19.27
24.49,19.49
24.94,19.94
24.35,19.35
24.09,19.09
24.13,19.13
24.52,19.52
24.17,19.17
25.0,20.0
24.54,43.54
24.64,43.64
24.65,43.65
24.65,43.65
24.34,43.34
24.13,43.13
24.46,43.46
24.44,43.44
24.8,43.8
24.91,43.91
24.67,48.67
24.17,48.17
24.51,48.51
24.94,48.94
24.33,48.33
24.39,48.39
24.39,48.39
24.1,48.1
24.98,48.98
24.54,48.54
24.53,51.53
24.38,51.38
24.18,51.18
24.75,51.75
24.72,51.72
24.31,51.31
24.97,51.97
24.18,51.18
24.26,51.26
24.23,51.23
24.63,52.63
24.36,52.36
24.5,52.5
24.25,52.25
24.37,52.37
24.06,52.06
24.18,52.18
24.31,52.31
24.32,52.32
24.47,52.47
24.19,53.19
24.77,53.77
24.55,53.55
24.0,53.0
24.59,53.59
24.6,53.6
24.28,53.28
24.72,53.72
24.17,53.17
24.75,53.75
24.65,54.65
24.11,54.11
24.31,54.31
24.14,54.14
24.79,54.79
24.18,54.18
24.23,54.23
24.71,54.71
24.3,54.3
24.64,54.64
24.32,57.32
24.81,57.81
24.48,57.48
24.37,57.37
24.05,57.05
24.12,57.12
24.77,57.77
24.91,57.91
24.95,57.95
24.23,57.23
24.36,65.36
24.87,65.87
24.43,65.43
24.98,65.98
24.78,65.78
24.79,65.79
24.44,65.44
24.56,65.56
24.97,65.97
24.36,65.36
24.63,66.63
24.46,66.46
24.05,66.05
24.18,66.18
24.91,66.91
24.4,66.4
24.91,66.91
24.81,66.81
24.25,66.25
24.12,66.12
24.96,80.96
24.17,80.17
24.93,80.93
24.79,80.79
24.19,80.19
24.2,80.2
24.33,80.33
24.54,80.54
24.83,80.83
24.76,80.76
25.77,2.77
25.36,2.36
25.8,2.8
25.51,2.51
25.35,2.35
25.68,2.68
25.26,2.26
25.95,2.95
25.32,2.32
25.53,2.5300000000000002
25.57,3.57
25.92,3.92
25.85,3.85
25.75,3.75
25.07,3.07
25.15,3.15
25.55,3.55
25.8,3.8
25.82,3.82
25.22,3.22
25.12,4.12
25.72,4.72
25.19,4.19
25.54,4.54
25.72,4.72
25.54,4.54
25.83,4.83
25.21,4.21
25.15,4.15
25.29,4.29
25.31,5.31
25.74,5.74
25.55,5.55
25.8,5.8
25.72,5.72
25.41,5.41
25.24,5.24
25.96,5.96
25.45,5.45
25.85,5.85
25.68,6.68
25.86,6.86
25.3,6.3
25.21,6.21
25.5,6.5
25.65,6.65
25.96,6.96
25.73,6.73
25.04,6.04
25.72,6.72
25.2,7.2
25.07,7.07
25.02,7.02
25.9,7.9
25.78,7.78
25.72,7.72
25.37,7.37
25.17,7.17
25.37,7.37
25.99,7.99
25.7,8.7
25.62,8.62
25.58,8.58
25.09,8.09
25.12,8.12
25.29,8.29
25.26,8.26
25.95,8.95
25.42,8.42
25.97,8.97
25.63,13.63
25.64,13.64
25.22,13.22
26.0,14.0
25.72,13.72
25.34,13.34
25.35,13.35
25.71,13.71
25.45,13.45
25.45,13.45
25.88,14.88
25.9,14.9
25.15,14.15
25.91,14.91
25.58,14.58
25.18,14.18
25.89,14.89
25.13,14.13
25.68,14.68
25.2,14.2
25.41,15.41
25.68,15.68
25.49,15.49
25.5,15.5
25.8,15.8
25.54,15.54
25.7,15.7
25.34,15.34
25.92,15.92
25.11,15.11
25.9,19.9
25.6,19.6
25.75,19.75
25.06,19.06
25.23,19.23
26.0,20.0
25.76,19.76
25.71,19.71
25.67,19.67
25.71,19.71
25.95,24.95
25.35,24.35
25.46,24.46
25.56,24.56
25.73,24.73
25.06,24.06
25.89,24.89
25.61,24.61
25.3,24.3
26.0,25.0
25.65,25.65
25.79,25.79
25.02,25.02
25.62,25.62
25.27,25.27
25.48,25.48
25.14,25.14
25.99,25.99
25.72,25.72
25.38,25.38
25.1,26.1
25.58,26.58
25.37,26.37
25.43,26.43
25.7,26.7
25.05,26.05
25.87,26.87
25.07,26.07
25.75,26.75
25.7,26.7
25.54,27.54
25.35,27.35
25.48,27.48
25.13,27.13
25.34,27.34
25.35,27.35
25.33,27.33
25.08,27.08
25.42,27.42
25.26,27.26
25.53,28.53
25.04,28.04
25.62,28.62
25.25,28.25
25.36,28.36
25.45,28.45
25.85,28.85
25.89,28.89
25.41,28.41
25.99,28.99
25.88,43.88
25.43,43.43
25.78,43.78
25.94,43.94
25.31,43.31
25.25,43.25
25.73,43.73
25.9,43.9
25.3,43.3
25.5,43.5
25.23,47.23
25.7,47.7
25.92,47.92
25.47,47.47
25.06,47.06
25.51,47.51
25.66,47.66
25.57,47.57
25.57,47.57
25.59,47.59
25.98,48.98
25.25,48.25
25.73,48.73
25.15,48.15
25.9,48.9
25.65,48.65
25.47,48.47
25.25,48.25
25.89,48.89
25.83,48.83
25.9,57.9
25.3,57.3
25.09,57.09
25.43,57.43
25.75,57.75
25.5,57.5
25.82,57.82
25.13,57.13
25.35,57.35
25.83,57.83
25.09,64.09
25.96,64.96
25.33,64.33
25.82,64.82
25.32,64.32
25.38,64.38
25.24,64.24
25.58,64.58
25.18,64.18
25.7,64.7
25.25,65.25
25.21,65.21
25.65,65.65
25.29,65.29
25.24,65.24
25.92,65.92
25.2,65.2
25.54,65.54
25.73,65.73
25.18,65.18
25.27,66.27
25.0,66.0
26.0,67.0
25.1,66.1
25.16,66.16
25.08,66.08
25.39,66.39
25.35,66.35
25.13,66.13
25.35,66.35
25.37,79.37
25.29,79.29
25.15,79.15
25.51,79.51
25.99,79.99
25.87,79.87
25.67,79.67
25.44,79.44
25.24,79.24
25.81,79.81
25.92,80.92
25.69,80.69
25.6,80.6
25.08,80.08
25.65,80.65
25.96,80.96
25.02,80.02
25.08,80.08
25.74,80.74
25.13,80.13
26.63,2.63
26.08,2.08
26.85,2.85
26.28,2.2800000000000002
26.15,2.15
26.98,2.98
26.05,2.05
26.06,2.06
26.91,2.91
26.89,2.89
27.0,16.0
26.37,15.37
26.68,15.68
26.24,15.24
26.4,15.4
26.12,15.12
26.09,15.09
26.43,15.43
26.3,15.3
26.54,15.54
26.11,18.11
26.39,18.39
26.36,18.36
26.22,18.22
26.91,18.91
26.97,18.97
26.25,18.25
26.23,18.23
26.59,18.59
26.09,18.09
26.77,19.77
26.04,19.04
26.75,19.75
26.28,19.28
26.92,19.92
26.36,19.36
26.48,19.48
26.28,19.28
26.59,19.59
26.68,19.68
26.75,22.75
26.23,22.23
26.9,22.9
26.23,22.23
26.99,22.99
26.72,22.72
27.0,23.0
26.67,22.67
26.43,22.43
26.47,22.47
26.86,23.86
26.7,23.7
26.06,23.06
26.18,23.18
26.62,23.62
26.58,23.58
26.04,23.04
26.73,23.73
26.63,23.63
26.77,23.77
26.91,24.91
26.35,24.35
26.11,24.11
27.0,25.0
26.4,24.4
26.03,24.03
26.2,24.2
26.58,24.58
26.08,24.08
26.61,24.61
26.08,28.08
26.64,28.64
26.74,28.74
26.25,28.25
26.63,28.63
26.62,28.62
26.84,28.84
26.56,28.56
26.57,28.57
26.2,28.2
26.57,43.57
26.45,43.45
26.08,43.08
26.96,43.96
26.03,43.03
26.36,43.36
26.81,43.81
26.68,43.68
26.45,43.45
26.01,43.01
26.76,44.76
26.04,44.04
26.45,44.45
26.59,44.59
26.1,44.1
26.52,44.52
26.61,44.61
26.49,44.49
26.97,44.97
26.18,44.18
26.69,45.69
26.55,45.55
26.37,45.37
26.19,45.19
26.35,45.35
26.68,45.68
26.35,45.35
26.42,45.42
26.96,45.96
26.03,45.03
26.4,46.4
26.83,46.83
26.87,46.87
26.25,46.25
26.34,46.34
26.62,46.62
26.04,46.04
26.26,46.26
26.98,46.98
26.27,46.27
26.3,47.3
26.95,47.95
26.85,47.85
26.99,47.99
26.51,47.51
26.43,47.43
26.18,47.18
26.27,47.27
26.93,47.93
26.3,47.3
26.8,57.8
26.98,57.98
26.66,57.66
26.67,57.67
26.4,57.4
26.44,57.44
26.57,57.57
26.52,57.52
26.51,57.51
26.31,57.31
26.58,58.58
26.88,58.88
26.22,58.22
26.34,58.34
26.07,58.07
26.93,58.93
26.16,58.16
26.99,58.99
26.21,58.21
26.36,58.36
26.77,64.77
26.97,64.97
26.83,64.83
26.09,64.09
26.55,64.55
26.03,64.03
26.73,64.73
26.23,64.23
26.32,64.32
26.0,64.0
26.6,79.6
26.45,79.45
26.28,79.28
26.84,79.84
27.0,80.0
26.71,79.71
26.36,79.36
26.98,79.98
26.07,79.07
26.68,79.68
27.79,2.79
27.74,2.74
27.69,2.69
27.0,2.0
27.34,2.34
27.84,2.84
27.11,2.11
27.33,2.33
27.51,2.51
27.96,2.96
27.6,15.6
27.08,15.08
27.81,15.81
27.8,15.8
27.08,15.08
27.39,15.39
27.39,15.39
27.44,15.44
27.5,15.5
27.55,15.55
27.0,18.0
27.12,18.12
27.42,18.42
27.28,18.28
27.7,18.7
27.25,18.25
27.72,18.72
27.34,18.34
27.54,18.54
27.39,18.39
27.55,22.55
27.0,22.0
27.16,22.16
27.62,22.62
28.0,23.0
27.24,22.24
27.99,22.99
27.52,22.52
27.4,22.4
27.83,22.83
27.33,28.33
27.76,28.76
27.18,28.18
27.73,28.73
27.86,28.86
27.97,28.97
27.64,28.64
27.68,28.68
27.6,28.6
27.35,28.35
27.3,29.3
27.81,29.81
27.09,29.09
27.31,29.31
27.71,29.71
27.88,29.88
27.22,29.22
27.07,29.07
27.92,29.92
27.15,29.15
27.83,30.83
27.77,30.77
27.3,30.3
27.42,30.42
27.59,30.59
27.59,30.59
27.12,30.12
27.74,30.74
27.74,30.74
27.4,30.4
27.37,31.37
27.63,31.63
27.89,31.89
27.35,31.35
27.82,31.82
27.23,31.23
27.73,31.73
27.72,31.72
27.68,31.68
27.9,31.9
27.82,58.82
27.67,58.67
27.88,58.88
27.36,58.36
27.56,58.56
27.28,58.28
27.37,58.37
27.25,58.25
27.5,58.5
27.62,58.62
27.41,64.41
27.86,64.86
27.57,64.57
27.05,64.05
27.17,64.17
27.34,64.34
27.24,64.24
27.08,64.08
27.16,64.16
27.04,64.04
27.82,79.82
27.16,79.16
27.21,79.21
27.46,79.46
27.7,79.7
27.85,79.85
27.76,79.76
27.69,79.69
27.28,79.28
27.07,79.07
28.61,1.6099999999999999
28.19,1.19
28.24,1.24
28.84,1.8399999999999999
28.64,1.6400000000000001
28.36,1.3599999999999999
28.1,1.1
28.4,1.4
28.88,1.88
28.56,1.56
28.08,2.08
28.95,2.95
28.94,2.94
28.79,2.79
28.74,2.74
28.36,2.36
28.23,2.23
28.19,2.19
28.31,2.31
28.03,2.03
28.19,15.19
28.97,15.97
28.04,15.04
28.32,15.32
28.08,15.08
28.93,15.93
28.59,15.59
28.98,15.98
28.52,15.52
28.79,15.79
28.17,18.17
28.15,18.15
28.23,18.23
28.68,18.68
28.65,18.65
28.32,18.32
28.66,18.66
28.64,18.64
29.0,19.0
28.35,18.35
28.85,22.85
28.78,22.78
28.53,22.53
28.9,22.9
28.44,22.44
28.5,22.5
28.83,22.83
28.56,22.56
28.17,22.17
28.98,22.98
28.4,31.4
28.51,31.51
28.42,31.42
28.29,31.29
28.73,31.73
28.56,31.56
28.97,31.97
28.83,31.83
28.68,31.68
28.6,31.6
28.2,57.2
28.26,57.26
28.03,57.03
28.54,57.54
28.3,57.3
28.82,57.82
28.14,57.14
28.72,57.72
28.87,57.87
28.51,57.51
28.42,58.42
28.34,58.34
28.54,58.54
28.38,58.38
28.07,58.07
28.57,58.57
28.97,58.97
28.06,58.06
29.0,59.0
28.09,58.09
28.52,64.52
28.81,64.81
28.1,64.1
28.87,64.87
28.92,64.92
28.34,64.34
28.94,64.94
28.27,64.27
28.59,64.59
28.83,64.83
28.12,65.12
28.86,65.86
28.6,65.6
28.94,65.94
28.04,65.04
28.91,65.91
28.96,65.96
28.07,65.07
28.83,65.83
28.52,65.52
28.8,79.8
28.47,79.47
28.44,79.44
28.41,79.41
28.09,79.09
28.26,79.26
28.63,79.63
28.92,79.92
28.31,79.31
28.13,79.13
29.64,1.6400000000000001
29.07,1.07
29.49,1.49
29.6,1.6
29.83,1.83
29.83,1.83
29.14,1.1400000000000001
29.8,1.8
29.6,1.6
30.0,2.0
29.72,14.72
29.16,14.16
29.18,14.18
29.05,14.05
29.37,14.37
29.81,14.81
29.3,14.3
29.8,14.8
29.71,14.71
29.24,14.24
29.52,15.52
29.22,15.22
29.23,15.23
29.92,15.92
29.43,15.43
29.53,15.53
29.6,15.6
29.85,15.85
29.96,15.96
29.16,15.16
29.63,16.63
29.38,16.38
29.59,16.59
29.99,16.99
29.76,16.76
29.01,16.01
29.27,16.27
29.47,16.47
29.93,16.93
29.23,16.23
29.38,17.38
29.79,17.79
29.8,17.8
29.58,17.58
29.32,17.32
29.3,17.3
29.28,17.28
29.05,17.05
29.24,17.24
29.95,17.95
29.47,18.47
29.29,18.29
29.72,18.72
29.43,18.43
29.72,18.72
29.73,18.73
29.44,18.44
29.87,18.87
29.14,18.14
29.84,18.84
29.59,20.59
29.89,20.89
29.79,20.79
30.0,21.0
29.95,20.95
29.24,20.24
29.68,20.68
29.18,20.18
29.3,20.3
29.46,20.46
29.56,21.56
29.01,21.01
29.03,21.03
29.35,21.35
29.61,21.61
29.43,21.43
29.01,21.01
29.05,21.05
29.35,21.35
29.44,21.44
29.81,22.81
29.02,22.02
29.52,22.52
29.3,22.3
29.63,22.63
29.19,22.19
29.36,22.36
29.12,22.12
29.73,22.73
29.48,22.48
29.18,31.18
29.21,31.21
29.19,31.19
29.37,31.37
29.92,31.92
29.91,31.91
29.68,31.68
29.79,31.79
29.63,31.63
29.1,31.1
29.89,57.89
29.15,57.15
29.42,57.42
29.17,57.17
29.88,57.88
29.9,57.9
29.4,57.4
29.23,57.23
29.59,57.59
29.8,57.8
29.89,65.89
29.2,65.2
29.77,65.77
29.34,65.34
29.87,65.87
29.6,65.6
29.06,65.06
29.82,65.82
29.74,65.74
29.5,65.5
29.9,79.9
29.18,79.18
29.18,79.18
29.43,79.43
29.39,79.39
29.93,79.93
29.92,79.92
29.77,79.77
29.78,79.78
29.15,79.15
29.05,80.05
29.13,80.13
29.52,80.52
29.67,80.67
29.35,80.35
29.03,80.03
29.05,80.05
29.36,80.36
29.19,80.19
29.76,80.76
30.31,0.31
30.33,0.33
30.48,0.48
30.44,0.44
30.37,0.37
30.95,0.95
30.18,0.18
30.56,0.56
30.47,0.47
30.83,0.83
30.16,1.16
30.16,1.16
30.19,1.19
30.53,1.53
30.83,1.83
30.91,1.9100000000000001
30.7,1.7
30.78,1.78
30.63,1.63
30.25,1.25
30.88,13.88
30.91,13.91
30.92,13.92
30.1,13.1
30.88,13.88
30.44,13.44
30.56,13.56
30.47,13.47
30.97,13.97
30.0,13.0
30.01,14.01
30.3,14.3
30.72,14.72
30.24,14.24
30.61,14.61
30.36,14.36
30.16,14.16
30.65,14.65
30.91,14.91
30.28,14.28
30.8,16.8
30.75,16.75
30.74,16.74
30.69,16.69
30.04,16.04
30.58,16.58
30.63,16.63
30.77,16.77
30.48,16.48
30.26,16.26
30.37,18.37
30.19,18.19
30.06,18.06
30.93,18.93
30.57,18.57
30.56,18.56
30.72,18.72
30.79,18.79
30.93,18.93
30.21,18.21
30.76,19.76
30.1,19.1
30.99,19.99
30.73,19.73
30.41,19.41
30.82,19.82
30.13,19.13
30.17,19.17
30.13,19.13
30.2,19.2
30.69,20.69
30.73,20.73
30.81,20.81
30.41,20.41
30.66,20.66
30.54,20.54
30.43,20.43
30.5,20.5
30.66,20.66
30.13,20.13
30.19,21.19
30.35,21.35
30.51,21.51
30.01,21.01
30.18,21.18
30.64,21.64
30.07,21.07
30.63,21.63
30.37,21.37
30.26,21.26
30.88,31.88
30.16,31.16
30.68,31.68
30.63,31.63
30.55,31.55
30.08,31.08
30.34,31.34
30.29,31.29
30.46,31.46
30.05,31.05
30.42,57.42
30.28,57.28
30.91,57.91
30.98,57.98
30.88,57.88
30.66,57.66
30.78,57.78
30.94,57.94
30.9,57.9
30.6,57.6
30.74,64.74
30.34,64.34
30.18,64.18
30.32,64.32
30.31,64.31
30.29,64.29
31.0,65.0
30.55,64.55
30.51,64.51
30.99,64.99
30.44,65.44
30.7,65.7
30.6,65.6
30.41,65.41
30.52,65.52
30.38,65.38
30.7,65.7
30.99,65.99
30.1,65.1
30.85,65.85
30.21,80.21
30.28,80.28
30.93,80.93
30.7,80.7
30.11,80.11
30.17,80.17
30.68,80.68
30.32,80.32
30.35,80.35
30.74,80.74
31.65,0.65
31.19,0.19
31.1,0.1
31.78,0.78
31.47,0.47
31.54,0.54
31.23,0.23
31.33,0.33
31.78,0.78
31.61,0.61
31.78,12.78
31.52,12.52
31.05,12.05
31.06,12.06
31.22,12.22
31.53,12.53
31.54,12.54
31.43,12.43
31.88,12.88
31.2,12.2
31.53,13.53
31.19,13.19
31.56,13.56
31.15,13.15
31.21,13.21
31.44,13.44
31.47,13.47
31.11,13.11
31.91,13.91
31.91,13.91
31.3,16.3
31.76,16.76
31.67,16.67
31.61,16.61
31.46,16.46
31.89,16.89
31.45,16.45
31.37,16.37
31.49,16.49
31.51,16.51
31.25,21.25
31.27,21.27
31.47,21.47
31.01,21.01
31.7,21.7
31.94,21.94
31.98,21.98
31.39,21.39
31.84,21.84
31.38,21.38
31.98,31.98
31.04,31.04
31.05,31.05
31.34,31.34
31.49,31.49
31.8,31.8
31.63,31.63
31.48,31.48
31.9,31.9
31.45,31.45
31.91,32.91
31.19,32.19
31.52,32.52
31.63,32.63
31.9,32.9
31.25,32.25
31.24,32.24
31.88,32.88
31.22,32.22
31.5,32.5
31.0,57.0
31.29,57.29
31.1,57.1
31.11,57.11
31.72,57.72
31.2,57.2
31.65,57.65
31.19,57.19
31.96,57.96
31.46,57.46
31.5,58.5
31.86,58.86
31.66,58.66
31.32,58.32
31.72,58.72
31.89,58.89
31.93,58.93
31.28,58.28
31.36,58.36
31.26,58.26
31.8,64.8
31.14,64.14
31.1,64.1
31.28,64.28
31.52,64.52
31.93,64.93
31.44,64.44
31.25,64.25
31.57,64.57
31.51,64.51
31.84,80.84
31.44,80.44
31.67,80.67
31.74,80.74
31.26,80.26
31.3,80.3
31.28,80.28
31.59,80.59
31.9,80.9
31.98,80.98
32.6,0.6
32.93,0.93
32.98,0.98
32.25,0.25
32.07,0.07
32.35,0.35
32.51,0.51
32.18,0.18
32.22,0.22
32.49,0.49
32.42,12.42
32.84,12.84
32.91,12.91
32.27,12.27
32.5,12.5
32.1,12.1
32.49,12.49
32.87,12.87
32.85,12.85
32.48,12.48
32.73,16.73
32.66,16.66
32.81,16.81
32.69,16.69
32.7,16.7
32.61,16.61
32.14,16.14
32.8,16.8
32.57,16.57
32.86,16.86
32.73,17.73
32.15,17.15
32.72,17.72
32.13,17.13
32.77,17.77
32.97,17.97
32.23,17.23
32.25,17.25
32.18,17.18
32.69,17.69
32.52,21.52
32.8,21.8
32.2,21.2
32.65,21.65
32.64,21.64
32.41,21.41
32.15,21.15
32.47,21.47
32.8,21.8
32.44,21.44
32.74,32.74
32.09,32.09
32.37,32.37
32.31,32.31
32.67,32.67
32.17,32.17
32.9,32.9
32.66,32.66
32.92,32.92
32.67,32.67
32.15,58.15
32.15,58.15
32.11,58.11
32.82,58.82
32.92,58.92
32.7,58.7
32.04,58.04
32.91,58.91
32.13,58.13
32.98,58.98
32.58,59.58
32.85,59.85
32.35,59.35
32.19,59.19
32.29,59.29
32.41,59.41
32.55,59.55
32.99,59.99
32.61,59.61
32.92,59.92
32.08,60.08
32.15,60.15
32.16,60.16
32.16,60.16
32.23,60.23
32.21,60.21
32.27,60.27
32.96,60.96
32.01,60.01
32.54,60.54
32.39,61.39
32.47,61.47
32.98,61.98
32.22,61.22
32.09,61.09
32.83,61.83
32.54,61.54
32.62,61.62
32.95,61.95
32.2,61.2
32.25,62.25
32.22,62.22
32.81,62.81
32.21,62.21
32.94,62.94
32.68,62.68
32.22,62.22
32.55,62.55
32.77,62.77
32.58,62.58
32.3,63.3
32.36,63.36
32.58,63.58
32.11,63.11
32.68,63.68
32.87,63.87
32.94,63.94
32.74,63.74
32.57,63.57
32.9,63.9
32.4,64.4
32.89,64.89
32.64,64.64
32.74,64.74
32.02,64.02
32.41,64.41
32.96,64.96
32.49,64.49
32.41,64.41
32.51,64.51
32.8,80.8
32.77,80.77
32.01,80.01
32.15,80.15
32.39,80.39
32.33,80.33
32.93,80.93
32.61,80.61
32.79,80.79
32.8,80.8
33.02,0.02
33.25,0.25
33.73,0.73
33.6,0.6
34.0,1.0
33.7,0.7
33.12,0.12
33.3,0.3
33.21,0.21
33.01,0.01
33.22,12.22
33.92,12.92
33.07,12.07
33.04,12.04
33.93,12.93
33.92,12.92
33.02,12.02
33.3,12.3
33.74,12.74
33.57,12.57
33.71,17.71
33.02,17.02
34.0,18.0
33.12,17.12
33.37,17.37
33.02,17.02
33.39,17.39
33.61,17.61
33.62,17.62
33.05,17.05
33.95,21.95
33.61,21.61
33.09,21.09
33.36,21.36
33.05,21.05
33.98,21.98
33.57,21.57
33.72,21.72
33.06,21.06
33.68,21.68
33.34,32.34
33.33,32.33
33.49,32.49
33.94,32.94
33.72,32.72
33.87,32.87
33.29,32.29
33.66,32.66
33.26,32.26
33.35,32.35
33.24,58.24
33.44,58.44
33.32,58.32
33.45,58.45
33.82,58.82
33.41,58.41
33.37,58.37
33.49,58.49
33.62,58.62
33.62,58.62
33.84,64.84
33.46,64.46
33.01,64.01
33.47,64.47
33.51,64.51
33.78,64.78
33.58,64.58
33.46,64.46
33.11,64.11
33.37,64.37
33.45,80.45
33.71,80.71
33.59,80.59
33.39,80.39
33.42,80.42
33.28,80.28
33.08,80.08
33.25,80.25
33.86,80.86
33.94,80.94
34.74,0.74
34.67,0.67
34.34,0.34
34.91,0.91
34.02,0.02
34.9,0.9
34.88,0.88
34.64,0.64
34.11,0.11
34.55,0.55
34.53,11.53
34.97,11.97
34.02,11.02
34.93,11.93
34.04,11.04
34.66,11.66
34.3,11.3
34.71,11.71
34.41,11.41
35.0,12.0
34.82,12.82
34.32,12.32
34.37,12.37
34.73,12.73
34.81,12.81
34.22,12.22
34.32,12.32
34.23,12.23
34.73,12.73
34.15,12.15
34.05,17.05
34.6,17.6
34.2,17.2
34.78,17.78
34.41,17.41
34.52,17.52
34.03,17.03
34.22,17.22
34.89,17.89
34.79,17.79
34.72,21.72
34.28,21.28
34.43,21.43
34.38,21.38
34.03,21.03
34.84,21.84
34.21,21.21
34.56,21.56
34.35,21.35
34.46,21.46
34.46,22.46
34.59,22.59
34.76,22.76
34.06,22.06
34.16,22.16
34.73,22.73
34.25,22.25
34.95,22.95
34.8,22.8
34.35,22.35
34.11,23.11
34.45,23.45
34.96,23.96
34.27,23.27
34.07,23.07
34.69,23.69
34.47,23.47
34.17,23.17
34.9,23.9
34.58,23.58
34.7,30.7
34.88,30.88
34.35,30.35
34.07,30.07
34.45,30.45
34.64,30.64
34.34,30.34
34.78,30.78
34.72,30.72
34.14,30.14
34.12,31.12
34.45,31.45
34.44,31.44
34.87,31.87
34.11,31.11
35.0,32.0
34.3,31.3
34.01,31.01
34.33,31.33
34.48,31.48
34.12,32.12
34.18,32.18
34.99,32.99
34.12,32.12
34.52,32.52
34.44,32.44
34.98,32.98
34.86,32.86
34.39,32.39
34.58,32.58
34.94,58.94
34.77,58.77
34.98,58.98
34.08,58.08
34.96,58.96
34.97,58.97
34.81,58.81
34.34,58.34
34.09,58.09
34.45,58.45
34.64,64.64
34.94,64.94
34.38,64.38
34.94,64.94
34.19,64.19
34.24,64.24
34.47,64.47
34.93,64.93
34.54,64.54
34.22,64.22
34.65,65.65
34.16,65.16
34.16,65.16
34.18,65.18
34.21,65.21
34.3,65.3
34.57,65.57
34.53,65.53
34.51,65.51
34.95,65.95
34.87,66.87
34.01,66.01
34.4,66.4
34.11,66.11
34.5,66.5
34.65,66.65
34.68,66.68
34.94,66.94
34.12,66.12
34.57,66.57
34.49,78.49
34.87,78.87
34.01,78.01
34.83,78.83
34.84,78.84
34.28,78.28
34.32,78.32
34.42,78.42
34.85,78.85
34.68,78.68
34.97,79.97
34.9,79.9
34.35,79.35
34.3,79.3
34.95,79.95
34.32,79.32
34.2,79.2
34.49,79.49
34.07,79.07
34.86,79.86
34.89,80.89
34.54,80.54
34.43,80.43
34.93,80.93
34.94,80.94
34.17,80.17
34.45,80.45
34.74,80.74
34.29,80.29
34.24,80.24
35.76,0.76
35.79,0.79
35.01,0.01
35.22,0.22
35.25,0.25
35.13,0.13
35.23,0.23
35.93,0.93
35.1,0.1
35.51,0.51
35.08,1.08
35.21,1.21
35.48,1.48
35.43,1.43
35.09,1.09
35.97,1.97
35.13,1.13
35.57,1.5699999999999998
35.42,1.42
35.77,1.77
35.08,11.08
35.57,11.57
35.58,11.58
35.31,11.31
35.82,11.82
35.51,11.51
35.91,11.91
35.38,11.38
35.95,11.95
35.44,11.44
35.4,16.4
35.69,16.69
35.86,16.86
35.8,16.8
35.7,16.7
35.36,16.36
35.34,16.34
35.71,16.71
35.65,16.65
35.54,16.54
35.09,17.09
35.87,17.87
35.62,17.62
36.0,18.0
35.31,17.31
35.93,17.93
35.6,17.6
35.97,17.97
35.85,17.85
35.05,17.05
35.81,23.81
35.11,23.11
35.79,23.79
35.42,23.42
35.07,23.07
35.84,23.84
35.87,23.87
35.43,23.43
35.88,23.88
35.75,23.75
35.9,27.9
35.11,27.11
35.93,27.93
35.3,27.3
35.39,27.39
35.76,27.76
35.86,27.86
35.66,27.66
35.78,27.78
35.32,27.32
35.89,28.89
35.27,28.27
35.74,28.74
35.83,28.83
35.03,28.03
35.07,28.07
35.63,28.63
35.09,28.09
35.51,28.51
35.54,28.54
35.64,29.64
35.09,29.09
35.01,29.01
35.44,29.44
35.35,29.35
35.91,29.91
35.0,29.0
35.55,29.55
35.63,29.63
35.22,29.22
35.23,30.23
35.56,30.56
35.53,30.53
35.4,30.4
35.72,30.72
35.94,30.94
35.23,30.23
35.87,30.87
35.94,30.94
35.74,30.74
35.62,58.62
35.86,58.86
35.09,58.09
35.12,58.12
35.2,58.2
35.25,58.25
35.25,58.25
35.29,58.29
35.75,58.75
35.31,58.31
35.89,66.89
35.83,66.83
35.89,66.89
35.91,66.91
35.9,66.9
35.02,66.02
35.68,66.68
35.92,66.92
35.41,66.41
35.85,66.85
35.1,75.1
35.83,75.83
35.87,75.87
35.78,75.78
35.13,75.13
35.07,75.07
35.44,75.44
35.24,75.24
35.61,75.61
35.41,75.41
35.73,76.73
35.62,76.62
35.93,76.93
35.02,76.02
35.81,76.81
35.79,76.79
35.99,76.99
35.49,76.49
35.55,76.55
35.24,76.24
35.54,77.54
35.18,77.18
35.94,77.94
35.36,77.36
35.33,77.33
35.57,77.57
35.36,77.36
35.96,77.96
35.97,77.97
35.0,77.0
35.0,78.0
35.56,78.56
35.79,78.79
35.46,78.46
35.48,78.48
35.44,78.44
35.84,78.84
35.82,78.82
35.92,78.92
35.65,78.65
36.57,1.5699999999999998
36.54,1.54
36.07,1.07
36.09,1.09
36.65,1.65
36.55,1.55
36.56,1.56
36.3,1.3
36.04,1.04
36.93,1.9300000000000002
36.86,4.86
36.65,4.65
36.73,4.73
36.21,4.21
36.78,4.78
36.4,4.4
36.33,4.33
36.62,4.62
36.26,4.26
36.08,4.08
36.75,5.75
36.61,5.61
36.63,5.63
36.47,5.47
36.55,5.55
36.95,5.95
36.53,5.53
36.1,5.1
36.59,5.59
36.8,5.8
36.74,6.74
36.66,6.66
36.1,6.1
36.0,6.0
36.3,6.3
36.16,6.16
36.24,6.24
36.91,6.91
36.94,6.9399999999999995
36.42,6.42
36.03,7.03
36.97,7.97
36.86,7.86
36.6,7.6
36.71,7.71
36.21,7.21
36.72,7.72
36.54,7.54
36.96,7.96
36.22,7.22
36.97,11.97
36.88,11.88
36.18,11.18
36.47,11.47
36.6,11.6
36.14,11.14
36.32,11.32
36.12,11.12
36.41,11.41
36.97,11.97
36.23,16.23
36.24,16.24
36.7,16.7
36.13,16.13
36.37,16.37
36.38,16.38
36.44,16.44
36.39,16.39
36.74,16.74
36.92,16.92
36.82,23.82
36.21,23.21
36.74,23.74
36.18,23.18
36.77,23.77
36.08,23.08
36.61,23.61
36.67,23.67
36.25,23.25
36.25,23.25
36.8,24.8
36.67,24.67
36.25,24.25
36.19,24.19
36.06,24.06
36.38,24.38
36.39,24.39
36.58,24.58
36.77,24.77
36.57,24.57
36.46,25.46
36.67,25.67
36.78,25.78
36.82,25.82
36.49,25.49
36.95,25.95
36.19,25.19
36.14,25.14
36.56,25.56
36.88,25.88
36.86,26.86
36.4,26.4
36.72,26.72
36.34,26.34
36.94,26.94
36.63,26.63
36.85,26.85
36.75,26.75
36.85,26.85
36.06,26.06
36.92,27.92
36.66,27.66
36.25,27.25
36.75,27.75
36.89,27.89
36.22,27.22
36.1,27.1
36.49,27.49
36.12,27.12
36.4,27.4
36.44,58.44
36.2,58.2
36.69,58.69
36.45,58.45
36.62,58.62
36.55,58.55
36.18,58.18
36.59,58.59
36.29,58.29
36.3,58.3
36.46,66.46
36.62,66.62
36.6,66.6
36.88,66.88
36.43,66.43
36.54,66.54
36.82,66.82
36.23,66.23
36.0,66.0
36.02,66.02
36.66,67.66
36.13,67.13
36.2,67.2
36.53,67.53
36.26,67.26
36.17,67.17
36.23,67.23
36.42,67.42
36.33,67.33
36.84,67.84
36.65,68.65
36.31,68.31
36.89,68.89
36.81,68.81
36.04,68.04
36.0,68.0
36.16,68.16
36.37,68.37
36.32,68.32
36.12,68.12
36.56,75.56
36.57,75.57
36.89,75.89
36.85,75.85
36.84,75.84
36.56,75.56
36.61,75.61
36.21,75.21
36.09,75.09
36.88,75.88
37.4,1.4
37.05,1.05
37.4,1.4
37.83,1.83
37.96,1.96
37.94,1.94
37.47,1.47
37.87,1.87
37.91,1.9100000000000001
37.89,1.8900000000000001
37.01,2.01
37.56,2.56
37.31,2.31
37.68,2.68
37.02,2.02
37.09,2.09
37.8,2.8
37.99,2.99
37.28,2.2800000000000002
37.5,2.5
37.13,3.13
37.18,3.18
37.35,3.35
37.67,3.67
37.43,3.43
37.88,3.88
37.44,3.44
37.68,3.68
37.09,3.09
37.1,3.1
37.79,4.79
37.33,4.33
37.12,4.12
37.39,4.39
37.81,4.8100000000000005
37.86,4.86
37.54,4.54
37.05,4.05
37.1,4.1
37.54,4.54
37.66,7.66
37.06,7.06
37.76,7.76
37.6,7.6
37.8,7.8
37.02,7.02
37.29,7.29
37.75,7.75
37.72,7.72
37.91,7.91
37.86,8.86
37.99,8.99
37.4,8.4
37.55,8.55
37.03,8.03
37.24,8.24
37.27,8.27
37.45,8.45
37.39,8.39
37.24,8.24
37.86,9.86
37.13,9.13
37.28,9.28
37.67,9.67
37.64,9.64
37.4,9.4
37.05,9.05
37.87,9.87
37.18,9.18
37.63,9.63
37.11,10.11
37.59,10.59
37.77,10.77
37.29,10.29
37.07,10.07
37.75,10.75
37.03,10.03
37.77,10.77
37.49,10.49
37.58,10.58
37.44,11.44
37.37,11.37
37.14,11.14
37.28,11.28
37.73,11.73
37.79,11.79
37.44,11.44
37.61,11.61
37.28,11.28
37.63,11.63
37.39,16.39
38.0,17.0
37.22,16.22
37.72,16.72
37.72,16.72
37.22,16.22
37.18,16.18
37.55,16.55
37.81,16.81
37.59,16.59
37.62,58.62
37.32,58.32
37.92,58.92
37.59,58.59
37.31,58.31
37.26,58.26
37.84,58.84
37.57,58.57
37.88,58.88
37.08,58.08
37.82,59.82
37.06,59.06
37.9,59.9
37.04,59.04
37.26,59.26
37.89,59.89
37.45,59.45
37.57,59.57
37.79,59.79
37.31,59.31
37.92,60.92
37.62,60.62
37.79,60.79
37.84,60.84
37.9,60.9
37.09,60.09
37.69,60.69
37.23,60.23
37.36,60.36
37.69,60.69
37.03,68.03
37.37,68.37
37.74,68.74
37.98,68.98
37.0,68.0
37.34,68.34
37.9,68.9
37.01,68.01
37.53,68.53
37.59,68.59
37.17,69.17
37.07,69.07
37.78,69.78
37.33,69.33
37.98,69.98
37.82,69.82
37.49,69.49
37.29,69.29
37.66,69.66
37.58,69.58
37.09,70.09
37.32,70.32
37.89,70.89
37.68,70.68
37.42,70.42
37.22,70.22
37.44,70.44
37.97,70.97
37.95,70.95
37.85,70.85
37.67,71.67
37.54,71.54
37.12,71.12
37.15,71.15
37.78,71.78
37.79,71.79
37.68,71.68
37.33,71.33
37.94,71.94
37.89,71.89
37.7,72.7
37.77,72.77
37.27,72.27
37.01,72.01
38.0,73.0
37.49,72.49
37.19,72.19
37.89,72.89
37.29,72.29
37.47,72.47
37.85,73.85
37.49,73.49
37.92,73.92
37.0,73.0
37.6,73.6
37.3,73.3
37.02,73.02
37.53,73.53
37.98,73.98
37.03,73.03
37.08,74.08
37.68,74.68
37.46,74.46
37.81,74.81
37.45,74.45
37.31,74.31
37.56,74.56
37.76,74.76
37.81,74.81
37.98,74.98
37.76,75.76
37.94,75.94
37.22,75.22
37.52,75.52
37.88,75.88
37.95,75.95
37.65,75.65
37.74,75.74
37.0,75.0
37.31,75.31
38.64,16.64
38.86,16.86
38.7,16.7
38.22,16.22
38.08,16.08
38.61,16.61
38.97,16.97
38.98,16.98
38.58,16.58
38.48,16.48
38.66,60.66
38.57,60.57
38.14,60.14
38.19,60.19
38.02,60.02
38.24,60.24
38.29,60.29
38.27,60.27
38.59,60.59
38.01,60.01
39.8,16.8
39.97,16.97
39.96,16.96
39.01,16.01
39.4,16.4
39.04,16.04
39.06,16.06
39.74,16.74
39.05,16.05
39.19,16.19
39.42,18.42
39.09,18.09
39.53,18.53
39.94,18.94
39.1,18.1
39.97,18.97
39.19,18.19
39.1,18.1
39.75,18.75
39.69,18.69
39.89,60.89
39.57,60.57
39.02,60.02
39.86,60.86
39.33,60.33
39.22,60.22
39.22,60.22
39.64,60.64
39.12,60.12
39.55,60.55
40.12,16.12
40.45,16.45
40.57,16.57
40.75,16.75
40.1,16.1
40.67,16.67
40.61,16.61
40.23,16.23
40.61,16.61
40.01,16.01
40.57,17.57
40.52,17.52
40.9,17.9
40.46,17.46
40.59,17.59
40.76,17.76
40.68,17.68
40.36,17.36
40.71,17.71
40.28,17.28
40.89,18.89
40.99,18.99
40.44,18.44
40.43,18.43
40.44,18.44
40.67,18.67
40.55,18.55
40.91,18.91
40.77,18.77
40.07,18.07
40.28,19.28
40.69,19.69
40.61,19.61
40.83,19.83
40.74,19.74
40.76,19.76
40.22,19.22
40.64,19.64
40.4,19.4
40.8,19.8
40.53,58.53
40.95,58.95
40.3,58.3
40.48,58.48
40.94,58.94
40.95,58.95
40.56,58.56
40.17,58.17
40.53,58.53
40.19,58.19
40.79,59.79
40.36,59.36
40.71,59.71
40.79,59.79
40.85,59.85
40.36,59.36
40.45,59.45
40.97,59.97
40.1,59.1
40.66,59.66
40.23,60.23
40.8,60.8
40.72,60.72
40.2,60.2
40.27,60.27
40.26,60.26
40.15,60.15
40.84,60.84
40.16,60.16
40.58,60.58
41.81,19.81
41.68,19.68
41.2,19.2
41.34,19.34
41.83,19.83
41.42,19.42
41.58,19.58
41.43,19.43
41.81,19.81
41.18,19.18
41.53,27.53
41.96,27.96
41.89,27.89
41.86,27.86
41.1,27.1
41.71,27.71
41.84,27.84
41.34,27.34
41.56,27.56
41.63,27.63
41.51,28.51
41.31,28.31
41.82,28.82
41.99,28.99
41.39,28.39
41.81,28.81
41.11,28.11
41.9,28.9
41.58,28.58
41.27,28.27
41.35,58.35
41.3,58.3
41.08,58.08
41.12,58.12
41.71,58.71
41.83,58.83
41.35,58.35
41.33,58.33
41.27,58.27
41.25,58.25
42.7,19.7
42.59,19.59
42.82,19.82
42.82,19.82
42.87,19.87
42.13,19.13
42.27,19.27
42.8,19.8
42.57,19.57
42.24,19.24
42.86,20.86
42.4,20.4
42.19,20.19
42.08,20.08
42.82,20.82
42.2,20.2
42.11,20.11
42.27,20.27
42.42,20.42
42.12,20.12
42.55,24.55
42.5,24.5
42.01,24.01
42.01,24.01
42.43,24.43
42.89,24.89
42.79,24.79
42.3,24.3
42.91,24.91
42.73,24.73
42.96,25.96
42.91,25.91
42.04,25.04
42.1,25.1
42.43,25.43
42.9,25.9
42.98,25.98
42.82,25.82
42.78,25.78
42.55,25.55
42.8,26.8
42.52,26.52
42.16,26.16
42.53,26.53
42.58,26.58
42.1,26.1
42.77,26.77
42.68,26.68
42.4,26.4
42.96,26.96
42.0,27.0
42.11,27.11
42.16,27.16
42.39,27.39
42.19,27.19
42.65,27.65
42.7,27.7
42.77,27.77
42.71,27.71
42.9,27.9
42.64,28.64
42.59,28.59
42.59,28.59
42.58,28.58
42.12,28.12
42.49,28.49
42.92,28.92
42.87,28.87
42.77,28.77
42.28,28.28
42.12,35.12
42.23,35.23
42.34,35.34
42.78,35.78
42.3,35.3
42.29,35.29
42.08,35.08
42.22,35.22
42.11,35.11
42.96,35.96
42.37,36.37
42.55,36.55
42.95,36.95
42.89,36.89
42.18,36.18
42.78,36.78
42.67,36.67
42.86,36.86
42.44,36.44
42.09,36.09
42.32,37.32
42.87,37.87
42.12,37.12
42.35,37.35
42.13,37.13
42.21,37.21
42.31,37.31
42.69,37.69
42.69,37.69
42.22,37.22
42.04,42.04
42.16,42.16
42.35,42.35
42.85,42.85
42.44,42.44
42.15,42.15
42.55,42.55
42.52,42.52
42.2,42.2
42.28,42.28
42.07,43.07
42.07,43.07
42.68,43.68
42.91,43.91
42.05,43.05
42.34,43.34
42.08,43.08
42.36,43.36
42.02,43.02
42.53,43.53
42.69,44.69
42.08,44.08
42.42,44.42
42.61,44.61
42.49,44.49
42.66,44.66
42.74,44.74
42.04,44.04
42.73,44.73
42.44,44.44
42.4,45.4
42.58,45.58
42.5,45.5
42.97,45.97
42.5,45.5
42.43,45.43
42.4,45.4
42.59,45.59
42.9,45.9
42.11,45.11
42.41,46.41
42.57,46.57
42.09,46.09
42.08,46.08
42.88,46.88
42.39,46.39
42.18,46.18
42.13,46.13
42.36,46.36
42.77,46.77
42.25,51.25
42.23,51.23
42.57,51.57
42.48,51.48
43.0,52.0
42.63,51.63
42.82,51.82
42.87,51.87
42.66,51.66
42.42,51.42
42.83,52.83
42.18,52.18
42.35,52.35
42.23,52.23
42.43,52.43
42.85,52.85
42.38,52.38
42.27,52.27
42.77,52.77
42.22,52.22
42.48,53.48
42.06,53.06
42.3,53.3
42.0,53.0
42.5,53.5
42.06,53.06
42.11,53.11
42.61,53.61
42.98,53.98
42.22,53.22
42.08,54.08
42.69,54.69
42.21,54.21
42.11,54.11
42.19,54.19
42.78,54.78
42.72,54.72
42.66,54.66
42.77,54.77
42.55,54.55
42.65,55.65
42.01,55.01
42.2,55.2
42.79,55.79
42.57,55.57
42.15,55.15
42.71,55.71
42.38,55.38
42.54,55.54
42.87,55.87
42.17,56.17
42.27,56.27
42.54,56.54
42.61,56.61
42.04,56.04
42.6,56.6
42.72,56.72
42.9,56.9
42.21,56.21
42.42,56.42
42.68,57.68
42.92,57.92
42.77,57.77
42.16,57.16
42.9,57.9
42.54,57.54
42.57,57.57
42.07,57.07
42.32,57.32
42.34,57.34
42.12,58.12
42.49,58.49
42.61,58.61
42.0,58.0
42.86,58.86
42.5,58.5
42.32,58.32
42.85,58.85
42.25,58.25
42.4,58.4
43.59,20.59
43.09,20.09
43.02,20.02
43.89,20.89
43.45,20.45
43.47,20.47
43.17,20.17
43.65,20.65
43.07,20.07
43.79,20.79
43.11,21.11
43.55,21.55
43.82,21.82
43.55,21.55
43.18,21.18
43.62,21.62
43.92,21.92
43.45,21.45
43.5,21.5
43.12,21.12
43.27,22.27
43.45,22.45
43.51,22.51
43.71,22.71
43.18,22.18
43.37,22.37
43.26,22.26
43.17,22.17
43.96,22.96
43.38,22.38
43.35,23.35
43.43,23.43
43.73,23.73
43.77,23.77
43.49,23.49
43.34,23.34
44.0,24.0
43.27,23.27
43.71,23.71
43.46,23.46
43.79,24.79
43.94,24.94
43.11,24.11
43.54,24.54
43.29,24.29
43.38,24.38
43.74,24.74
43.05,24.05
43.47,24.47
43.39,24.39
43.51,28.51
43.68,28.68
43.32,28.32
43.33,28.33
43.74,28.74
43.24,28.24
43.68,28.68
43.75,28.75
43.49,28.49
43.62,28.62
43.42,29.42
43.56,29.56
43.17,29.17
43.95,29.95
43.53,29.53
43.13,29.13
43.03,29.03
43.55,29.55
43.14,29.14
43.03,29.03
43.53,30.53
43.2,30.2
43.12,30.12
43.57,30.57
43.01,30.01
43.32,30.32
43.91,30.91
43.78,30.78
43.86,30.86
43.27,30.27
43.55,31.55
43.39,31.39
43.39,31.39
43.09,31.09
43.97,31.97
43.18,31.18
43.02,31.02
43.6,31.6
44.0,32.0
43.44,31.44
43.94,32.94
43.25,32.25
43.54,32.54
43.93,32.93
43.85,32.85
43.91,32.91
43.73,32.73
43.35,32.35
43.62,32.62
43.96,32.96
43.19,33.19
43.43,33.43
43.2,33.2
43.61,33.61
43.97,33.97
43.47,33.47
43.79,33.79
43.75,33.75
43.02,33.02
43.64,33.64
43.23,35.23
43.99,35.99
43.59,35.59
43.76,35.76
43.54,35.54
43.57,35.57
43.13,35.13
43.93,35.93
43.14,35.14
43.07,35.07
43.77,37.77
43.94,37.94
43.65,37.65
43.62,37.62
44.0,38.0
43.31,37.31
44.0,38.0
43.35,37.35
43.49,37.49
43.93,37.93
43.7,42.7
43.41,42.41
43.26,42.26
43.31,42.31
43.25,42.25
43.48,42.48
43.02,42.02
43.65,42.65
43.87,42.87
43.46,42.46
43.37,46.37
43.99,46.99
43.42,46.42
43.6,46.6
43.33,46.33
43.05,46.05
43.1,46.1
43.85,46.85
43.51,46.51
43.89,46.89
43.37,47.37
43.35,47.35
43.94,47.94
43.71,47.71
43.01,47.01
43.7,47.7
43.55,47.55
43.45,47.45
43.2,47.2
43.35,47.35
43.73,48.73
43.22,48.22
43.97,48.97
43.75,48.75
43.41,48.41
43.84,48.84
43.95,48.95
43.69,48.69
43.81,48.81
43.63,48.63
43.81,51.81
43.33,51.33
43.94,51.94
43.61,51.61
43.99,51.99
43.88,51.88
43.21,51.21
43.06,51.06
43.68,51.68
43.32,51.32
44.38,30.38
44.06,30.06
44.18,30.18
44.58,30.58
44.85,30.85
44.73,30.73
44.01,30.01
44.62,30.62
44.19,30.19
44.24,30.24
44.28,31.28
44.67,31.67
44.61,31.61
44.42,31.42
44.83,31.83
44.0,31.0
44.44,31.44
44.84,31.84
44.6,31.6
44.98,31.98
44.36,33.36
44.35,33.35
44.76,33.76
44.9,33.9
44.27,33.27
44.18,33.18
44.31,33.31
44.97,33.97
44.6,33.6
44.86,33.86
44.14,34.14
44.97,34.97
44.72,34.72
44.96,34.96
44.3,34.3
44.15,34.15
44.72,34.72
44.6,34.6
44.79,34.79
44.38,34.38
44.07,35.07
44.36,35.36
44.4,35.4
44.76,35.76
44.71,35.71
44.07,35.07
44.33,35.33
44.34,35.34
44.39,35.39
44.96,35.96
44.95,37.95
44.32,37.32
44.95,37.95
44.04,37.04
44.84,37.84
44.5,37.5
44.41,37.41
44.03,37.03
44.28,37.28
44.6,37.6
44.82,38.82
44.56,38.56
44.06,38.06
44.3,38.3
44.22,38.22
44.85,38.85
44.18,38.18
44.58,38.58
44.08,38.08
44.52,38.52
44.2,39.2
44.66,39.66
44.7,39.7
44.8,39.8
44.8,39.8
44.15,39.15
44.01,39.01
44.99,39.99
44.83,39.83
44.3,39.3
44.91,40.91
44.9,40.9
44.76,40.76
44.99,40.99
44.93,40.93
44.97,40.97
44.04,40.04
44.26,40.26
44.3,40.3
44.43,40.43
44.33,41.33
44.02,41.02
44.13,41.13
44.84,41.84
44.47,41.47
44.44,41.44
44.25,41.25
44.37,41.37
44.21,41.21
44.78,41.78
44.17,42.17
44.04,42.04
44.65,42.65
44.28,42.28
44.67,42.67
44.16,42.16
44.96,42.96
44.87,42.87
44.31,42.31
44.33,42.33
44.06,48.06
44.39,48.39
44.77,48.77
44.11,48.11
44.84,48.84
44.54,48.54
44.22,48.22
44.48,48.48
44.39,48.39
44.79,48.79
45.0,50.0
44.15,49.15
44.97,49.97
44.76,49.76
44.46,49.46
44.19,49.19
44.6,49.6
44.62,49.62
44.64,49.64
44.29,49.29
44.99,50.99
44.36,50.36
44.58,50.58
44.83,50.83
44.53,50.53
44.47,50.47
44.18,50.18
44.92,50.92
44.64,50.64
44.19,50.19
44.74,51.74
44.29,51.29
44.02,51.02
44.03,51.03
44.93,51.93
45.0,52.0
44.61,51.61
44.57,51.57
44.99,51.99
44.35,51.35
45.19,38.19
45.14,38.14
45.02,38.02
45.35,38.35
45.4,38.4
45.41,38.41
45.71,38.71
45.52,38.52
45.43,38.43
45.11,38.11
46.1,38.1
46.42,38.42
46.64,38.64
46.77,38.77
46.7,38.7
46.03,38.03
46.0,38.0
46.79,38.79
46.24,38.24
47.0,39.0
46.85,39.85
46.78,39.78
46.62,39.62
46.67,39.67
46.83,39.83
46.2,39.2
46.99,39.99
46.49,39.49
46.43,39.43
46.7,39.7
47.8,39.8
47.69,39.69
47.73,39.73
47.49,39.49
47.45,39.45
47.9,39.9
47.99,39.99
47.03,39.03
47.5,39.5
47.51,39.51
48.36,39.36
48.23,39.23
48.94,39.94
48.45,39.45
48.57,39.57
48.73,39.73
48.94,39.94
48.48,39.48
48.05,39.05
48.79,39.79
49.56,39.56
49.65,39.65
49.18,39.18
49.85,39.85
49.99,39.99
49.84,39.84
49.16,39.16
49.33,39.33
49.24,39.24
49.2,39.2
50.76,37.76
50.88,37.88
50.8,37.8
50.43,37.43
50.85,37.85
50.62,37.62
50.48,37.48
50.04,37.04
50.68,37.68
50.13,37.13
50.22,38.22
50.05,38.05
50.42,38.42
50.8,38.8
50.17,38.17
50.36,38.36
50.3,38.3
50.49,38.49
50.08,38.08
50.09,38.09
50.11,39.11
50.08,39.08
50.46,39.46
50.47,39.47
50.23,39.23
50.37,39.37
50.18,39.18
50.07,39.07
50.27,39.27
50.0,39.0
51.84,37.84
51.21,37.21
51.15,37.15
51.06,37.06
51.39,37.39
51.16,37.16
51.78,37.78
51.54,37.54
51.42,37.42
51.35,37.35
53.0,38.0
52.54,37.54
52.81,37.81
52.7,37.7
52.7,37.7
52.97,37.97
52.83,37.83
52.3,37.3
52.27,37.27
52.79,37.79
53.17,37.17
53.37,37.37
53.13,37.13
53.71,37.71
53.22,37.22
53.55,37.55
53.66,37.66
53.63,37.63
53.96,37.96
53.34,37.34
54.92,37.92
54.88,37.88
54.42,37.42
54.79,37.79
54.08,37.08
54.9,37.9
54.73,37.73
54.85,37.85
54.49,37.49
54.31,37.31
55.57,37.57
55.47,37.47
55.11,37.11
55.75,37.75
55.74,37.74
55.24,37.24
55.43,37.43
55.57,37.57
55.86,37.86
55.71,37.71
55.83,38.83
55.48,38.48
55.77,38.77
55.97,38.97
55.08,38.08
55.01,38.01
55.06,38.06
55.78,38.78
55.21,38.21
55.76,38.76
56.94,38.94
56.95,38.95
56.59,38.59
56.04,38.04
56.97,38.97
56.14,38.14
56.18,38.18
56.94,38.94
56.23,38.23
56.81,38.81
57.9,38.9
57.53,38.53
57.35,38.35
57.19,38.19
57.02,38.02
57.3,38.3
57.96,38.96
57.94,38.94
57.22,38.22
57.13,38.13
58.86,38.86
58.32,38.32
58.55,38.55
58.8,38.8
58.8,38.8
58.09,38.09
58.96,38.96
58.8,38.8
58.86,38.86
58.4,38.4
58.3,39.3
58.47,39.47
58.57,39.57
58.35,39.35
58.59,39.59
58.66,39.66
58.09,39.09
58.37,39.37
58.35,39.35
59.0,40.0
59.22,39.22
59.34,39.34
59.01,39.01
59.42,39.42
59.46,39.46
59.13,39.13
59.42,39.42
59.29,39.29
59.13,39.13
59.21,39.21
60.43,39.43
60.7,39.7
60.2,39.2
60.7,39.7
60.64,39.64
61.0,40.0
60.77,39.77
60.23,39.23
60.21,39.21
60.26,39.26
61.52,39.52
61.96,39.96
61.04,39.04
61.22,39.22
61.45,39.45
61.01,39.01
61.75,39.75
61.66,39.66
61.52,39.52
61.11,39.11
62.01,38.01
62.71,38.71
62.16,38.16
62.59,38.59
62.56,38.56
62.98,38.98
62.26,38.26
62.94,38.94
62.19,38.19
62.4,38.4
62.65,39.65
62.68,39.68
62.02,39.02
62.07,39.07
62.25,39.25
62.62,39.62
62.39,39.39
62.78,39.78
62.9,39.9
62.87,39.87
63.65,38.65
63.94,38.94
63.15,38.15
63.83,38.83
63.8,38.8
63.71,38.71
63.46,38.46
63.87,38.87
63.38,38.38
63.36,38.36
64.42,38.42
64.06,38.06
64.89,38.89
64.16,38.16
64.78,38.78
64.3,38.3
64.21,38.21
64.63,38.63
64.17,38.17
64.38,38.38
65.8,38.8
65.6,38.6
65.27,38.27
65.28,38.28
65.74,38.74
65.81,38.81
65.29,38.29
65.05,38.05
65.76,38.76
65.16,38.16
65.9,39.9
65.54,39.54
65.86,39.86
65.73,39.73
65.14,39.14
65.86,39.86
65.37,39.37
65.12,39.12
65.98,39.98
65.16,39.16
66.84,39.84
66.59,39.59
66.15,39.15
66.26,39.26
66.76,39.76
66.46,39.46
66.06,39.06
66.66,39.66
66.33,39.33
66.94,39.94
67.24,39.24
67.51,39.51
67.64,39.64
67.71,39.71
67.73,39.73
67.8,39.8
67.84,39.84
67.96,39.96
67.87,39.87
67.64,39.64
68.57,39.57
68.94,39.94
68.75,39.75
68.02,39.02
68.95,39.95
68.28,39.28
68.75,39.75
68.19,39.19
68.88,39.88
68.27,39.27
69.52,39.52
69.14,39.14
69.29,39.29
69.26,39.26
69.26,39.26
69.81,39.81
69.64,39.64
69.32,39.32
69.13,39.13
69.54,39.54
70.56,39.56
70.93,39.93
70.81,39.81
70.19,39.19
70.01,39.01
70.02,39.02
70.17,39.17
70.08,39.08
70.67,39.67
70.62,39.62
