1.58,26.58
1.01,26.01
1.26,26.26
1.74,26.74
1.43,26.43
1.7,26.7
1.9300000000000002,26.93
1.17,26.17
1.9,26.9
1.26,26.26
1.0,27.0
1.37,27.37
1.85,27.85
1.9300000000000002,27.93
1.46,27.46
1.53,27.53
1.55,27.55
1.05,27.05
1.21,27.21
1.6,27.6
1.44,28.44
1.85,28.85
1.05,28.05
1.05,28.05
1.35,28.35
1.42,28.42
1.69,28.69
1.8,28.8
1.08,28.08
1.03,28.03
1.09,29.09
1.48,29.48
1.21,29.21
1.44,29.44
1.88,29.88
1.65,29.65
1.6400000000000001,29.64
1.12,29.12
1.43,29.43
1.62,29.62
1.51,30.51
1.3,30.3
1.6,30.6
1.77,30.77
1.43,30.43
1.09,30.09
1.58,30.58
1.42,30.42
1.42,30.42
1.97,30.97
2.82,6.82
2.19,6.19
2.67,6.67
2.71,6.71
2.81,6.8100000000000005
2.75,6.75
2.65,6.65
2.01,6.01
2.05,6.05
2.36,6.36
2.74,7.74
2.62,7.62
2.02,7.02
2.26,7.26
2.73,7.73
2.5300000000000002,7.53
2.6,7.6
2.42,7.42
2.13,7.13
2.75,7.75
2.95,8.95
2.16,8.16
2.38,8.38
2.9699999999999998,8.97
2.95,8.95
2.84,8.84
2.08,8.08
2.51,8.51
2.63,8.63
2.95,8.95
2.22,9.22
2.84,9.84
2.99,9.99
2.9,9.9
2.7199999999999998,9.72
2.64,9.64
2.98,9.98
2.01,9.01
2.58,9.58
2.09,9.09
2.61,11.61
2.2,11.2
2.5,11.5
2.63,11.63
2.56,11.56
2.45,11.45
2.18,11.18
2.27,11.27
2.56,11.56
2.17,11.17
2.71,12.71
2.91,12.91
2.45,12.45
2.82,12.82
2.93,12.93
2.52,12.52
2.4699999999999998,12.47
2.49,12.49
2.34,12.34
2.94,12.94
2.14,13.14
2.8,13.8
2.6,13.6
2.22,13.22
2.0,13.0
2.98,13.98
2.7800000000000002,13.78
2.27,13.27
2.2800000000000002,13.28
2.59,13.59
2.17,14.17
2.34,14.34
2.32,14.32
2.32,14.32
2.0,14.0
2.88,14.88
2.54,14.54
2.21,14.21
2.18,14.18
2.83,14.83
2.5,22.5
2.45,22.45
2.19,22.19
2.21,22.21
2.31,22.31
2.16,22.16
2.7800000000000002,22.78
2.8,22.8
2.0,22.0
2.67,22.67
2.25,23.25
2.38,23.38
2.61,23.61
2.45,23.45
2.2,23.2
2.63,23.63
2.77,23.77
2.27,23.27
2.68,23.68
2.7800000000000002,23.78
2.45,24.45
2.45,24.45
2.32,24.32
2.89,24.89
2.9699999999999998,24.97
2.17,24.17
2.76,24.76
2.99,24.99
2.2800000000000002,24.28
2.03,24.03
2.99,25.99
2.0,25.0
2.04,25.04
2.41,25.41
2.32,25.32
2.24,25.24
2.13,25.13
2.9699999999999998,25.97
2.58,25.58
2.36,25.36
2.21,26.21
2.04,26.04
2.92,26.92
2.42,26.42
2.4699999999999998,26.47
2.91,26.91
2.94,26.94
2.99,26.99
2.65,26.65
2.77,26.77
2.79,30.79
2.75,30.75
2.36,30.36
2.2800000000000002,30.28
2.38,30.38
2.43,30.43
2.75,30.75
2.2800000000000002,30.28
2.38,30.38
2.75,30.75
2.9,31.9
2.79,31.79
2.14,31.14
2.45,31.45
2.49,31.49
2.7,31.7
2.37,31.37
2.33,31.33
2.56,31.56
2.99,31.99
2.02,32.02
2.14,32.14
2.64,32.64
2.83,32.83
2.89,32.89
2.46,32.46
2.34,32.34
2.44,32.44
2.7199999999999998,32.72
2.23,32.23
3.25,2.25
3.05,2.05
3.5,2.5
3.82,2.82
3.21,2.21
3.87,2.87
3.46,2.46
3.96,2.96
3.85,2.85
3.38,2.38
3.27,3.27
3.09,3.09
3.35,3.35
3.87,3.87
3.01,3.01
3.5300000000000002,3.5300000000000002
3.89,3.89
3.08,3.08
3.64,3.64
3.95,3.95
3.45,4.45
3.41,4.41
3.36,4.36
3.65,4.65
3.09,4.09
3.54,4.54
3.85,4.85
3.69,4.6899999999999995
3.5300000000000002,4.53
3.42,4.42
3.35,5.35
3.75,5.75
3.03,5.03
3.81,5.8100000000000005
3.51,5.51
3.81,5.8100000000000005
3.18,5.18
3.52,5.52
3.62,5.62
3.71,5.71
3.57,6.57
3.96,6.96
3.8,6.8
3.48,6.48
3.04,6.04
3.18,6.18
3.59,6.59
3.61,6.61
3.2800000000000002,6.28
3.14,6.14
3.04,9.04
3.17,9.17
3.51,9.51
3.75,9.75
3.88,9.88
3.85,9.85
3.11,9.11
3.59,9.59
3.88,9.88
3.94,9.94
3.7800000000000002,10.78
3.01,10.01
3.99,10.99
3.83,10.83
3.6,10.6
3.92,10.92
3.44,10.44
3.18,10.18
3.94,10.94
3.41,10.41
3.34,11.34
3.71,11.71
3.43,11.43
3.91,11.91
3.05,11.05
3.02,11.02
3.66,11.66
3.07,11.07
3.23,11.23
3.03,11.03
3.63,14.63
3.41,14.41
3.88,14.88
3.51,14.51
3.4699999999999998,14.47
3.69,14.69
3.09,14.09
3.71,14.71
3.7800000000000002,14.78
3.02,14.02
3.03,15.03
3.63,15.63
3.57,15.57
3.71,15.71
3.95,15.95
3.04,15.04
3.95,15.95
3.96,15.96
3.94,15.94
3.05,15.05
3.38,16.38
3.58,16.58
3.03,16.03
3.25,16.25
3.57,16.57
3.32,16.32
3.39,16.39
3.36,16.36
3.67,16.67
3.17,16.17
3.87,22.87
3.11,22.11
3.14,22.14
3.16,22.16
3.27,22.27
3.0,22.0
3.61,22.61
3.43,22.43
3.66,22.66
3.51,22.51
3.14,32.14
3.58,32.58
3.76,32.76
3.93,32.93
3.44,32.44
3.42,32.42
3.44,32.44
3.26,32.26
3.14,32.14
3.62,32.62
3.03,33.03
3.54,33.54
3.3,33.3
3.24,33.24
3.7,33.7
3.91,33.91
3.0,33.0
3.75,33.75
3.18,33.18
3.55,33.55
4.55,2.55
4.5600000000000005,2.56
4.95,2.95
4.89,2.89
4.3,2.3
4.4,2.4
4.7,2.7
4.8,2.8
4.2,2.2
4.7,2.7
4.63,16.63
4.66,16.66
4.18,16.18
4.47,16.47
5.0,17.0
4.24,16.24
4.47,16.47
4.26,16.26
4.18,16.18
4.29,16.29
4.14,17.14
4.14,17.14
4.68,17.68
4.3,17.3
4.23,17.23
4.6899999999999995,17.69
4.32,17.32
4.83,17.83
4.31,17.31
4.8,17.8
4.13,21.13
4.39,21.39
4.65,21.65
4.03,21.03
4.45,21.45
4.52,21.52
4.41,21.41
4.44,21.44
4.98,21.98
4.6,21.6
4.29,22.29
4.07,22.07
4.11,22.11
4.95,22.95
4.5600000000000005,22.56
4.46,22.46
4.85,22.85
4.76,22.76
4.33,22.33
4.44,22.44
4.01,33.01
4.48,33.48
4.76,33.76
4.43,33.43
4.24,33.24
4.07,33.07
4.78,33.78
4.88,33.88
4.47,33.47
4.6,33.6
4.72,54.72
4.32,54.32
4.62,54.62
4.79,54.79
4.38,54.38
4.88,54.88
4.32,54.32
4.44,54.44
4.4,54.4
4.37,54.37
4.33,55.33
4.6,55.6
4.7,55.7
4.52,55.52
4.59,55.59
4.08,55.08
4.59,55.59
4.08,55.08
4.16,55.16
4.84,55.84
4.05,56.05
4.0,56.0
4.8100000000000005,56.81
4.24,56.24
4.8100000000000005,56.81
4.73,56.73
4.16,56.16
4.8,56.8
4.25,56.25
4.93,56.93
4.93,57.93
4.06,57.06
4.32,57.32
4.61,57.61
4.09,57.09
4.16,57.16
4.11,57.11
4.98,57.98
4.01,57.01
4.21,57.21
4.42,58.42
4.12,58.12
4.8,58.8
4.72,58.72
4.8100000000000005,58.81
4.46,58.46
4.29,58.29
4.64,58.64
4.12,58.12
4.12,58.12
5.74,2.74
5.52,2.52
5.93,2.93
5.4,2.4
5.49,2.49
5.95,2.95
5.36,2.36
5.09,2.09
5.18,2.18
5.65,2.65
5.49,17.49
6.0,18.0
5.19,17.19
5.34,17.34
5.78,17.78
5.1,17.1
5.8100000000000005,17.81
5.31,17.31
5.35,17.35
5.02,17.02
5.99,20.99
5.05,20.05
5.22,20.22
5.05,20.05
5.13,20.13
5.82,20.82
5.73,20.73
5.73,20.73
5.3,20.3
5.53,20.53
5.54,21.54
5.5,21.5
5.79,21.79
5.22,21.22
6.0,22.0
5.6,21.6
5.54,21.54
5.33,21.33
5.2,21.2
5.39,21.39
5.5,33.5
5.39,33.39
5.18,33.18
5.73,33.73
5.65,33.65
5.75,33.75
5.05,33.05
5.5,33.5
5.85,33.85
5.62,33.62
5.66,54.66
5.61,54.61
5.79,54.79
5.79,54.79
5.5,54.5
5.21,54.21
5.52,54.52
5.33,54.33
5.75,54.75
5.79,54.79
5.64,58.64
5.64,58.64
5.67,58.67
5.19,58.19
5.65,58.65
5.83,58.83
5.92,58.92
5.35,58.35
5.35,58.35
5.63,58.63
6.07,2.07
6.7,2.7
6.1,2.1
6.61,2.61
6.47,2.4699999999999998
6.33,2.33
7.0,3.0
6.03,2.03
7.0,3.0
6.0,2.0
6.28,3.2800000000000002
6.98,3.98
6.86,3.86
6.5,3.5
6.06,3.06
6.08,3.08
6.72,3.7199999999999998
7.0,4.0
6.8,3.8
6.53,3.5300000000000002
6.73,16.73
6.71,16.71
6.41,16.41
6.99,16.99
6.5,16.5
6.51,16.51
6.79,16.79
6.38,16.38
6.23,16.23
6.64,16.64
6.41,17.41
6.27,17.27
6.36,17.36
6.66,17.66
6.63,17.63
6.23,17.23
6.37,17.37
6.66,17.66
6.36,17.36
6.14,17.14
6.26,20.26
6.32,20.32
6.88,20.88
6.5,20.5
6.9399999999999995,20.94
6.9399999999999995,20.94
6.42,20.42
6.9,20.9
6.0,20.0
6.92,20.92
6.71,33.71
6.21,33.21
6.43,33.43
6.91,33.91
6.67,33.67
6.3,33.3
6.13,33.13
6.4,33.4
6.6899999999999995,33.69
6.83,33.83
6.76,34.76
6.92,34.92
6.59,34.59
6.5600000000000005,34.56
6.66,34.66
6.16,34.16
6.92,34.92
6.4,34.4
6.44,34.44
6.27,34.27
6.55,54.55
6.6,54.6
6.17,54.17
6.5,54.5
6.89,54.89
6.21,54.21
6.89,54.89
6.18,54.18
6.92,54.92
6.74,54.74
6.99,58.99
6.79,58.79
6.14,58.14
6.65,58.65
6.26,58.26
6.83,58.83
6.62,58.62
6.23,58.23
6.93,58.93
6.45,58.45
6.09,59.09
6.5600000000000005,59.56
6.7,59.7
6.34,59.34
6.03,59.03
6.27,59.27
6.49,59.49
6.35,59.35
6.93,59.93
6.78,59.78
6.32,60.32
6.07,60.07
6.44,60.44
6.76,60.76
6.16,60.16
6.8100000000000005,60.81
6.55,60.55
6.58,60.58
6.02,60.02
6.57,60.57
7.11,3.11
7.83,3.83
7.24,3.24
7.5600000000000005,3.56
7.31,3.31
7.99,3.99
7.15,3.15
7.46,3.46
7.22,3.22
7.57,3.57
7.47,16.47
7.24,16.24
7.4,16.4
7.86,16.86
7.53,16.53
7.99,16.99
7.07,16.07
7.63,16.63
7.78,16.78
7.28,16.28
7.39,20.39
7.95,20.95
7.49,20.49
7.95,20.95
7.16,20.16
7.33,20.33
7.83,20.83
7.8100000000000005,20.81
7.5,20.5
7.63,20.63
7.83,34.83
7.95,34.95
7.38,34.38
7.87,34.87
7.93,34.93
7.99,34.99
7.87,34.87
7.19,34.19
7.2,34.2
7.52,34.52
7.46,46.46
7.78,46.78
7.42,46.42
7.45,46.45
7.05,46.05
7.39,46.39
7.64,46.64
7.68,46.68
7.77,46.77
7.12,46.12
7.5,47.5
7.23,47.23
7.2,47.2
7.31,47.31
7.88,47.88
7.36,47.36
7.01,47.01
7.2,47.2
7.63,47.63
7.74,47.74
7.99,48.99
7.59,48.59
7.2,48.2
7.91,48.91
7.74,48.74
7.53,48.53
7.62,48.62
7.01,48.01
7.12,48.12
7.59,48.59
7.49,51.49
7.98,51.98
8.0,52.0
7.91,51.91
7.57,51.57
7.88,51.88
7.53,51.53
7.93,51.93
7.0,51.0
7.68,51.68
7.15,52.15
7.7,52.7
7.2,52.2
7.0,52.0
7.49,52.49
7.37,52.37
7.38,52.38
7.31,52.31
7.23,52.23
7.41,52.41
7.77,53.77
7.5600000000000005,53.56
7.68,53.68
7.85,53.85
7.03,53.03
7.07,53.07
8.0,54.0
7.6899999999999995,53.69
7.87,53.87
7.85,53.85
7.08,54.08
7.43,54.43
7.0,54.0
7.71,54.71
7.22,54.22
7.77,54.77
7.68,54.68
7.97,54.97
7.57,54.57
7.8,54.8
7.1,60.1
7.18,60.18
7.12,60.12
7.89,60.89
7.28,60.28
7.93,60.93
7.15,60.15
7.45,60.45
7.95,60.95
7.46,60.46
8.14,2.14
8.43,2.43
8.84,2.84
8.87,2.87
8.52,2.52
9.0,3.0
8.48,2.48
8.88,2.88
8.75,2.75
8.97,2.9699999999999998
8.07,3.07
8.16,3.16
8.25,3.25
8.47,3.4699999999999998
8.7,3.7
8.82,3.82
8.62,3.62
8.48,3.48
8.64,3.64
8.25,3.25
8.36,16.36
8.87,16.87
8.34,16.34
8.96,16.96
8.6,16.6
8.54,16.54
8.04,16.04
8.37,16.37
8.71,16.71
8.53,16.53
8.09,20.09
8.05,20.05
8.19,20.19
8.39,20.39
8.9,20.9
8.13,20.13
8.28,20.28
8.27,20.27
8.5,20.5
8.65,20.65
8.03,21.03
8.4,21.4
8.83,21.83
8.03,21.03
8.61,21.61
8.29,21.29
8.33,21.33
8.01,21.01
8.87,21.87
8.72,21.72
8.03,33.03
8.91,33.91
8.31,33.31
8.68,33.68
8.81,33.81
8.23,33.23
8.44,33.44
8.52,33.52
8.71,33.71
8.47,33.47
8.88,34.88
8.2,34.2
8.82,34.82
8.31,34.31
8.64,34.64
8.47,34.47
8.98,34.98
8.89,34.89
8.09,34.09
8.74,34.74
8.16,46.16
8.27,46.27
8.79,46.79
8.06,46.06
8.7,46.7
8.22,46.22
8.72,46.72
8.56,46.56
8.81,46.81
8.42,46.42
8.66,48.66
8.2,48.2
8.3,48.3
8.88,48.88
8.73,48.73
8.0,48.0
8.3,48.3
8.37,48.37
8.98,48.98
8.06,48.06
8.75,49.75
8.94,49.94
8.29,49.29
9.0,50.0
8.22,49.22
8.94,49.94
8.47,49.47
8.6,49.6
8.03,49.03
8.82,49.82
8.0,50.0
8.79,50.79
8.53,50.53
8.81,50.81
8.97,50.97
8.44,50.44
8.6,50.6
8.6,50.6
9.0,51.0
8.39,50.39
8.58,51.58
8.68,51.68
8.48,51.48
8.6,51.6
8.01,51.01
8.93,51.93
8.45,51.45
8.94,51.94
8.81,51.81
8.75,51.75
8.81,60.81
8.03,60.03
8.13,60.13
8.37,60.37
8.83,60.83
8.59,60.59
8.45,60.45
8.12,60.12
8.07,60.07
8.08,60.08
8.73,61.73
8.56,61.56
8.56,61.56
8.5,61.5
8.96,61.96
8.97,61.97
8.16,61.16
8.84,61.84
8.73,61.73
8.61,61.61
8.73,62.73
8.62,62.62
8.93,62.93
8.15,62.15
8.22,62.22
8.39,62.39
8.48,62.48
8.75,62.75
8.11,62.11
8.77,62.77
9.44,2.44
9.81,2.81
9.08,2.08
9.18,2.18
9.39,2.39
9.15,2.15
9.39,2.39
9.99,2.99
9.42,2.42
9.02,2.02
9.97,16.97
9.76,16.76
9.88,16.88
9.3,16.3
9.39,16.39
9.61,16.61
9.99,16.99
9.29,16.29
9.95,16.95
9.17,16.17
9.78,17.78
9.47,17.47
9.65,17.65
9.91,17.91
9.96,17.96
9.59,17.59
9.35,17.35
9.41,17.41
9.01,17.01
9.08,17.08
9.96,21.96
9.0,21.0
9.78,21.78
9.92,21.92
9.23,21.23
9.98,21.98
9.8,21.8
9.64,21.64
9.76,21.76
9.92,21.92
9.91,26.91
9.02,26.02
9.74,26.74
9.08,26.08
9.45,26.45
9.84,26.84
9.85,26.85
9.27,26.27
9.64,26.64
9.11,26.11
9.91,27.91
9.49,27.49
9.29,27.29
9.45,27.45
9.54,27.54
9.7,27.7
9.8,27.8
9.0,27.0
9.51,27.51
9.7,27.7
9.96,28.96
9.95,28.95
9.53,28.53
9.57,28.57
9.22,28.22
9.13,28.13
9.23,28.23
9.82,28.82
9.65,28.65
9.05,28.05
9.42,33.42
9.22,33.22
9.63,33.63
9.04,33.04
9.4,33.4
9.19,33.19
9.27,33.27
9.71,33.71
9.92,33.92
9.19,33.19
9.39,46.39
9.59,46.59
9.45,46.45
9.07,46.07
9.73,46.73
9.24,46.24
9.43,46.43
9.42,46.42
9.51,46.51
9.41,46.41
9.22,62.22
9.73,62.73
9.31,62.31
9.69,62.69
9.49,62.49
9.39,62.39
9.26,62.26
9.44,62.44
9.02,62.02
9.08,62.08
9.2,63.2
9.36,63.36
9.25,63.25
9.16,63.16
9.8,63.8
9.87,63.87
9.51,63.51
9.79,63.79
9.54,63.54
9.5,63.5
10.84,2.84
10.5,2.5
10.04,2.04
10.54,2.54
10.75,2.75
10.44,2.44
10.23,2.23
10.68,2.68
10.82,2.82
10.71,2.71
10.23,17.23
10.23,17.23
10.16,17.16
10.59,17.59
10.49,17.49
10.76,17.76
10.45,17.45
10.57,17.57
10.64,17.64
10.44,17.44
10.77,21.77
10.25,21.25
10.19,21.19
10.42,21.42
10.07,21.07
10.35,21.35
10.63,21.63
10.36,21.36
10.07,21.07
10.35,21.35
10.74,26.74
10.54,26.54
10.84,26.84
10.98,26.98
10.39,26.39
10.96,26.96
10.62,26.62
10.56,26.56
10.16,26.16
10.57,26.57
10.48,28.48
10.7,28.7
10.36,28.36
10.09,28.09
10.92,28.92
10.17,28.17
10.65,28.65
10.38,28.38
10.95,28.95
10.66,28.66
10.45,33.45
10.03,33.03
10.19,33.19
10.56,33.56
10.4,33.4
10.21,33.21
10.49,33.49
10.5,33.5
10.28,33.28
10.68,33.68
10.96,43.96
10.18,43.18
10.73,43.73
10.4,43.4
10.01,43.01
10.43,43.43
10.52,43.52
10.39,43.39
10.33,43.33
10.2,43.2
10.38,44.38
10.29,44.29
10.64,44.64
11.0,45.0
10.58,44.58
10.31,44.31
10.0,44.0
10.07,44.07
10.16,44.16
10.76,44.76
10.16,45.16
10.04,45.04
10.16,45.16
10.79,45.79
10.89,45.89
10.68,45.68
10.81,45.81
10.61,45.61
10.86,45.86
10.31,45.31
10.16,46.16
10.8,46.8
10.35,46.35
10.8,46.8
10.88,46.88
10.89,46.89
10.1,46.1
10.03,46.03
10.04,46.04
10.67,46.67
10.32,63.32
10.62,63.62
10.54,63.54
10.41,63.41
10.04,63.04
10.97,63.97
10.62,63.62
10.13,63.13
10.07,63.07
10.42,63.42
11.03,2.03
11.5,2.5
11.78,2.7800000000000002
11.19,2.19
11.89,2.89
11.91,2.91
11.98,2.98
11.97,2.9699999999999998
11.14,2.14
11.92,2.92
11.92,3.92
11.14,3.14
11.28,3.2800000000000002
11.29,3.29
11.05,3.05
11.84,3.84
11.31,3.31
11.0,3.0
11.12,3.12
11.79,3.79
11.11,17.11
11.75,17.75
11.76,17.76
11.25,17.25
11.17,17.17
11.34,17.34
11.1,17.1
11.07,17.07
11.6,17.6
11.71,17.71
11.28,21.28
11.06,21.06
11.68,21.68
11.12,21.12
11.22,21.22
12.0,22.0
11.91,21.91
11.66,21.66
11.67,21.67
11.03,21.03
11.33,22.33
11.27,22.27
11.56,22.56
11.97,22.97
11.64,22.64
11.2,22.2
11.87,22.87
11.23,22.23
11.03,22.03
11.23,22.23
11.42,23.42
11.01,23.01
11.69,23.69
11.28,23.28
11.44,23.44
11.56,23.56
11.8,23.8
11.91,23.91
11.2,23.2
11.54,23.54
11.05,24.05
11.67,24.67
11.23,24.23
11.48,24.48
11.14,24.14
11.01,24.01
11.36,24.36
11.33,24.33
11.44,24.44
11.71,24.71
11.69,26.69
11.95,26.95
11.34,26.34
11.86,26.86
11.52,26.52
11.65,26.65
11.67,26.67
11.33,26.33
11.77,26.77
11.96,26.96
11.97,28.97
11.75,28.75
11.72,28.72
11.62,28.62
11.86,28.86
11.74,28.74
11.89,28.89
11.1,28.1
11.81,28.81
11.03,28.03
11.15,29.15
11.42,29.42
11.78,29.78
11.62,29.62
11.49,29.49
11.92,29.92
11.55,29.55
11.52,29.52
11.98,29.98
12.0,30.0
11.72,30.72
11.9,30.9
11.04,30.04
11.69,30.69
11.25,30.25
11.29,30.29
11.65,30.65
11.86,30.86
11.4,30.4
11.38,30.38
11.24,31.24
11.02,31.02
11.28,31.28
11.52,31.52
11.88,31.88
11.32,31.32
11.8,31.8
11.06,31.06
11.03,31.03
11.76,31.76
12.0,33.0
11.5,32.5
11.77,32.77
11.95,32.95
11.85,32.85
11.13,32.13
11.15,32.15
11.26,32.26
11.01,32.01
11.38,32.38
11.59,33.59
11.59,33.59
11.18,33.18
11.2,33.2
11.83,33.83
11.27,33.27
11.75,33.75
11.09,33.09
11.35,33.35
11.4,33.4
11.32,43.32
11.95,43.95
11.64,43.64
11.78,43.78
11.06,43.06
11.77,43.77
11.28,43.28
11.77,43.77
11.76,43.76
11.33,43.33
11.75,62.75
11.96,62.96
11.97,62.97
11.14,62.14
11.95,62.95
11.32,62.32
11.4,62.4
11.3,62.3
11.17,62.17
11.93,62.93
11.19,63.19
11.91,63.91
11.2,63.2
11.34,63.34
11.16,63.16
11.95,63.95
11.99,63.99
11.13,63.13
11.16,63.16
11.73,63.73
12.62,3.62
12.07,3.07
12.29,3.29
12.18,3.18
12.1,3.1
12.67,3.67
12.17,3.17
12.69,3.69
12.28,3.2800000000000002
12.19,3.19
12.03,16.03
12.32,16.32
12.44,16.44
12.25,16.25
12.8,16.8
12.99,16.99
12.19,16.19
12.39,16.39
12.51,16.51
12.91,16.91
12.33,17.33
12.32,17.32
12.55,17.55
12.35,17.35
12.62,17.62
12.02,17.02
12.18,17.18
12.73,17.73
12.72,17.72
12.47,17.47
12.56,24.56
12.77,24.77
12.62,24.62
12.27,24.27
12.47,24.47
12.7,24.7
12.17,24.17
12.4,24.4
12.07,24.07
12.43,24.43
12.97,25.97
12.62,25.62
12.97,25.97
12.3,25.3
12.69,25.69
12.99,25.99
12.53,25.53
12.67,25.67
12.92,25.92
12.86,25.86
12.3,26.3
12.33,26.33
12.25,26.25
12.1,26.1
12.31,26.31
12.26,26.26
12.39,26.39
12.71,26.71
12.48,26.48
12.65,26.65
12.97,43.97
12.88,43.88
12.13,43.13
12.56,43.56
12.14,43.14
12.23,43.23
12.39,43.39
12.56,43.56
12.95,43.95
12.21,43.21
12.6,62.6
12.33,62.33
12.27,62.27
12.03,62.03
12.57,62.57
12.1,62.1
12.32,62.32
12.29,62.29
12.68,62.68
12.39,62.39
13.66,2.66
13.35,2.35
13.37,2.37
13.17,2.17
13.83,2.83
13.6,2.6
13.08,2.08
13.23,2.23
13.0,2.0
13.59,2.59
13.2,3.2
13.98,3.98
13.1,3.1
13.3,3.3
13.58,3.58
13.3,3.3
13.01,3.01
13.99,3.99
13.25,3.25
13.78,3.7800000000000002
13.92,16.92
13.48,16.48
13.7,16.7
13.52,16.52
13.84,16.84
13.02,16.02
13.56,16.56
13.47,16.47
13.91,16.91
13.15,16.15
13.47,25.47
13.09,25.09
13.29,25.29
13.24,25.24
13.84,25.84
13.68,25.68
13.6,25.6
13.45,25.45
13.19,25.19
13.26,25.26
13.97,43.97
13.77,43.77
13.04,43.04
13.66,43.66
13.72,43.72
13.91,43.91
13.76,43.76
13.09,43.09
13.62,43.62
13.74,43.74
13.76,62.76
13.88,62.88
13.01,62.01
13.19,62.19
13.38,62.38
13.38,62.38
13.43,62.43
13.37,62.37
13.31,62.31
13.65,62.65
13.94,63.94
13.82,63.82
13.54,63.54
13.24,63.24
13.16,63.16
13.2,63.2
13.7,63.7
13.68,63.68
13.96,63.96
13.67,63.67
14.39,2.39
14.25,2.25
14.96,2.96
15.0,3.0
14.0,2.0
14.35,2.35
14.66,2.66
14.58,2.58
14.03,2.03
14.99,2.99
14.71,16.71
14.34,16.34
14.54,16.54
14.34,16.34
14.04,16.04
14.4,16.4
14.7,16.7
14.67,16.67
14.83,16.83
14.87,16.87
14.9,17.9
14.22,17.22
14.84,17.84
14.96,17.96
14.99,17.99
14.85,17.85
14.97,17.97
14.33,17.33
14.44,17.44
14.51,17.51
14.91,25.91
14.58,25.58
14.87,25.87
14.13,25.13
14.7,25.7
14.41,25.41
14.16,25.16
14.01,25.01
14.12,25.12
14.42,25.42
14.97,43.97
14.28,43.28
14.49,43.49
14.3,43.3
14.38,43.38
14.44,43.44
14.31,43.31
14.53,43.53
14.23,43.23
14.9,43.9
14.96,63.96
14.0,63.0
14.39,63.39
14.24,63.24
14.96,63.96
14.49,63.49
14.09,63.09
14.0,63.0
14.78,63.78
14.06,63.06
15.69,2.69
15.08,2.08
15.64,2.64
15.61,2.61
15.7,2.7
15.37,2.37
15.98,2.98
15.24,2.24
15.6,2.6
15.57,2.57
15.37,3.37
15.83,3.83
15.55,3.55
15.28,3.2800000000000002
15.8,3.8
15.34,3.34
15.39,3.39
15.64,3.64
15.59,3.59
15.58,3.58
15.29,4.29
15.67,4.67
15.13,4.13
15.21,4.21
15.91,4.91
15.56,4.5600000000000005
15.76,4.76
15.12,4.12
15.63,4.63
15.06,4.06
15.89,15.89
15.75,15.75
15.4,15.4
15.16,15.16
15.44,15.44
15.18,15.18
15.57,15.57
15.17,15.17
15.08,15.08
15.16,15.16
15.71,16.71
15.14,16.14
15.46,16.46
15.17,16.17
15.56,16.56
15.24,16.24
15.96,16.96
15.71,16.71
15.69,16.69
15.31,16.31
15.66,17.66
15.68,17.68
15.95,17.95
15.29,17.29
15.93,17.93
15.75,17.75
15.9,17.9
15.87,17.87
15.61,17.61
15.98,17.98
15.65,25.65
15.39,25.39
15.83,25.83
15.84,25.84
15.1,25.1
15.94,25.94
15.26,25.26
15.15,25.15
15.26,25.26
15.05,25.05
15.98,43.98
15.29,43.29
15.97,43.97
15.82,43.82
15.26,43.26
15.55,43.55
15.77,43.77
15.03,43.03
15.11,43.11
15.57,43.57
15.31,44.31
15.8,44.8
15.87,44.87
15.78,44.78
15.78,44.78
15.38,44.38
15.66,44.66
15.67,44.67
15.56,44.56
15.46,44.46
15.77,45.77
15.83,45.83
15.27,45.27
15.57,45.57
15.06,45.06
15.58,45.58
15.31,45.31
15.02,45.02
15.05,45.05
15.76,45.76
15.11,46.11
15.78,46.78
15.95,46.95
15.21,46.21
15.39,46.39
15.88,46.88
15.54,46.54
15.67,46.67
15.24,46.24
15.76,46.76
15.84,47.84
15.19,47.19
15.34,47.34
15.01,47.01
15.88,47.88
15.67,47.67
15.46,47.46
15.95,47.95
15.09,47.09
15.49,47.49
15.83,48.83
15.53,48.53
15.69,48.69
15.17,48.17
15.62,48.62
15.7,48.7
15.38,48.38
15.21,48.21
15.4,48.4
15.17,48.17
15.12,49.12
15.35,49.35
15.52,49.52
15.97,49.97
15.66,49.66
15.49,49.49
15.49,49.49
15.21,49.21
15.93,49.93
15.8,49.8
15.54,50.54
15.13,50.13
15.9,50.9
15.2,50.2
15.89,50.89
15.46,50.46
15.83,50.83
15.53,50.53
15.07,50.07
15.61,50.61
15.92,63.92
15.68,63.68
15.06,63.06
15.76,63.76
15.51,63.51
15.24,63.24
15.04,63.04
15.43,63.43
15.49,63.49
15.02,63.02
16.3,4.3
16.02,4.02
16.79,4.79
16.65,4.65
16.81,4.8100000000000005
16.43,4.43
16.3,4.3
16.39,4.39
16.25,4.25
16.26,4.26
16.7,5.7
16.32,5.32
16.96,5.96
16.98,5.98
16.34,5.34
16.34,5.34
16.96,5.96
16.48,5.48
16.64,5.64
16.42,5.42
16.56,7.5600000000000005
16.26,7.26
16.06,7.06
16.05,7.05
16.73,7.73
16.77,7.77
16.83,7.83
16.7,7.7
16.89,7.89
16.67,7.67
16.97,8.97
16.28,8.28
16.23,8.23
16.56,8.56
16.52,8.52
16.86,8.86
16.13,8.13
16.89,8.89
16.87,8.87
16.69,8.69
16.25,9.25
16.14,9.14
16.38,9.38
16.21,9.21
16.36,9.36
16.95,9.95
16.38,9.38
16.22,9.22
16.24,9.24
16.09,9.09
16.39,10.39
16.36,10.36
16.21,10.21
16.13,10.13
16.96,10.96
16.76,10.76
16.47,10.47
16.65,10.65
16.65,10.65
16.88,10.88
16.49,11.49
16.48,11.48
16.59,11.59
16.61,11.61
16.33,11.33
16.02,11.02
16.69,11.69
16.57,11.57
16.02,11.02
16.95,11.95
16.48,12.48
16.31,12.31
16.45,12.45
16.86,12.86
16.16,12.16
16.54,12.54
16.75,12.75
16.7,12.7
16.88,12.88
16.3,12.3
16.03,13.03
16.95,13.95
16.88,13.88
16.97,13.97
16.76,13.76
16.4,13.4
16.53,13.53
16.77,13.77
16.09,13.09
16.47,13.47
16.68,14.68
16.52,14.52
16.43,14.43
16.24,14.24
16.81,14.81
17.0,15.0
16.71,14.71
16.07,14.07
16.73,14.73
16.5,14.5
16.37,15.37
16.93,15.93
16.49,15.49
16.81,15.81
16.19,15.19
16.85,15.85
16.83,15.83
16.46,15.46
16.71,15.71
16.89,15.89
16.68,26.68
16.87,26.87
16.79,26.79
16.74,26.74
16.24,26.24
16.33,26.33
16.02,26.02
16.43,26.43
16.82,26.82
16.64,26.64
16.33,27.33
16.76,27.76
16.79,27.79
16.69,27.69
16.3,27.3
16.03,27.03
16.37,27.37
16.57,27.57
16.27,27.27
16.17,27.17
16.96,28.96
16.45,28.45
16.3,28.3
16.93,28.93
16.44,28.44
16.88,28.88
16.19,28.19
16.56,28.56
16.85,28.85
16.34,28.34
16.6,50.6
16.98,50.98
16.27,50.27
16.86,50.86
16.82,50.82
16.08,50.08
16.09,50.09
16.22,50.22
16.87,50.87
16.26,50.26
16.62,51.62
16.84,51.84
16.82,51.82
16.17,51.17
16.38,51.38
16.65,51.65
16.83,51.83
16.26,51.26
16.08,51.08
16.93,51.93
16.39,52.39
16.16,52.16
16.84,52.84
16.02,52.02
16.27,52.27
16.98,52.98
16.94,52.94
16.54,52.54
16.99,52.99
16.62,52.62
16.97,62.97
16.73,62.73
16.0,62.0
16.91,62.91
16.85,62.85
16.74,62.74
16.58,62.58
16.54,62.54
16.02,62.02
16.1,62.1
16.45,63.45
16.17,63.17
16.21,63.21
16.26,63.26
16.54,63.54
16.83,63.83
16.06,63.06
16.23,63.23
16.69,63.69
16.21,63.21
17.7,5.7
17.3,5.3
17.32,5.32
17.09,5.09
17.89,5.89
17.2,5.2
17.0,5.0
17.51,5.51
17.45,5.45
17.93,5.93
17.08,6.08
17.15,6.15
17.23,6.23
17.96,6.96
17.83,6.83
17.2,6.2
17.39,6.39
17.49,6.49
17.79,6.79
17.05,6.05
17.3,7.3
17.1,7.1
17.71,7.71
17.66,7.66
17.0,7.0
17.03,7.03
17.49,7.49
17.8,7.8
17.52,7.52
17.36,7.36
17.11,10.11
17.11,10.11
17.99,10.99
17.61,10.61
17.79,10.79
17.59,10.59
17.61,10.61
17.13,10.13
17.54,10.54
17.66,10.66
17.5,28.5
17.7,28.7
18.0,29.0
17.59,28.59
17.95,28.95
17.72,28.72
17.42,28.42
17.26,28.26
17.24,28.24
17.06,28.06
17.16,29.16
18.0,30.0
17.97,29.97
17.63,29.63
17.79,29.79
17.85,29.85
17.89,29.89
17.13,29.13
17.11,29.11
17.28,29.28
17.63,52.63
17.89,52.89
17.56,52.56
17.53,52.53
17.89,52.89
17.96,52.96
17.99,52.99
17.74,52.74
17.17,52.17
17.66,52.66
17.65,62.65
17.34,62.34
17.22,62.22
17.86,62.86
17.54,62.54
17.67,62.67
17.66,62.66
17.27,62.27
17.35,62.35
17.84,62.84
18.58,10.58
18.92,10.92
18.64,10.64
18.12,10.12
18.78,10.78
18.78,10.78
18.13,10.13
18.78,10.78
18.35,10.35
18.99,10.99
18.64,29.64
18.39,29.39
18.82,29.82
18.58,29.58
18.75,29.75
18.56,29.56
18.83,29.83
18.77,29.77
18.44,29.44
18.92,29.92
18.14,52.14
18.45,52.45
18.89,52.89
18.67,52.67
18.08,52.08
18.75,52.75
18.67,52.67
18.68,52.68
18.47,52.47
18.96,52.96
18.72,62.72
18.55,62.55
18.46,62.46
18.96,62.96
18.49,62.49
18.26,62.26
18.2,62.2
18.09,62.09
18.78,62.78
18.04,62.04
19.79,0.79
19.87,0.87
19.88,0.88
19.38,0.38
19.36,0.36
19.94,0.94
19.11,0.11
19.02,0.02
19.88,0.88
19.98,0.98
19.28,1.28
19.76,1.76
19.78,1.78
19.54,1.54
19.07,1.07
19.46,1.46
19.38,1.38
19.51,1.51
19.96,1.96
19.36,1.3599999999999999
19.33,10.33
19.93,10.93
19.3,10.3
19.74,10.74
19.08,10.08
19.32,10.32
19.97,10.97
19.2,10.2
19.57,10.57
19.22,10.22
19.97,29.97
19.58,29.58
19.66,29.66
19.3,29.3
19.88,29.88
19.01,29.01
19.24,29.24
19.67,29.67
19.98,29.98
19.86,29.86
19.96,49.96
19.51,49.51
19.29,49.29
19.14,49.14
19.57,49.57
19.07,49.07
19.05,49.05
19.61,49.61
19.06,49.06
19.34,49.34
19.65,50.65
19.58,50.58
19.3,50.3
19.24,50.24
19.53,50.53
19.94,50.94
19.21,50.21
19.88,50.88
19.91,50.91
19.29,50.29
19.65,51.65
19.75,51.75
19.01,51.01
19.55,51.55
19.19,51.19
19.93,51.93
19.07,51.07
19.3,51.3
19.2,51.2
19.56,51.56
19.5,52.5
19.03,52.03
19.97,52.97
19.54,52.54
19.54,52.54
19.53,52.53
19.63,52.63
19.9,52.9
19.23,52.23
19.45,52.45
19.15,62.15
19.92,62.92
19.97,62.97
19.93,62.93
19.19,62.19
19.25,62.25
19.5,62.5
19.34,62.34
19.31,62.31
19.8,62.8
19.4,63.4
19.99,63.99
19.05,63.05
19.4,63.4
19.15,63.15
19.4,63.4
19.86,63.86
19.69,63.69
19.97,63.97
19.04,63.04
20.5,0.5
20.69,0.69
20.97,0.97
20.48,0.48
20.62,0.62
20.34,0.34
20.61,0.61
20.71,0.71
20.91,0.91
20.63,0.63
20.71,1.71
20.08,1.08
20.42,1.42
20.66,1.6600000000000001
20.98,1.98
20.63,1.63
20.17,1.17
20.87,1.87
20.0,1.0
20.33,1.33
20.03,2.03
20.35,2.35
20.53,2.5300000000000002
20.3,2.3
20.06,2.06
20.02,2.02
20.92,2.92
20.91,2.91
20.11,2.11
20.1,2.1
20.23,3.23
20.12,3.12
20.38,3.38
20.75,3.75
20.87,3.87
20.82,3.82
20.81,3.81
20.61,3.61
20.16,3.16
20.65,3.65
20.34,10.34
20.88,10.88
20.88,10.88
20.51,10.51
20.65,10.65
20.01,10.01
20.08,10.08
20.63,10.63
20.37,10.37
20.89,10.89
20.81,29.81
20.17,29.17
20.78,29.78
21.0,30.0
20.77,29.77
20.35,29.35
20.58,29.58
20.27,29.27
20.88,29.88
20.17,29.17
20.27,30.27
20.63,30.63
20.46,30.46
20.17,30.17
20.69,30.69
20.28,30.28
20.31,30.31
20.37,30.37
20.09,30.09
20.27,30.27
20.81,47.81
20.3,47.3
20.52,47.52
20.35,47.35
20.95,47.95
20.38,47.38
20.52,47.52
20.78,47.78
20.09,47.09
20.81,47.81
20.79,48.79
20.85,48.85
20.65,48.65
20.52,48.52
20.01,48.01
20.65,48.65
20.14,48.14
20.05,48.05
20.15,48.15
20.15,48.15
20.27,49.27
20.22,49.22
20.25,49.25
20.05,49.05
20.58,49.58
20.77,49.77
20.19,49.19
20.81,49.81
20.26,49.26
20.8,49.8
20.33,63.33
20.23,63.23
20.2,63.2
20.85,63.85
20.15,63.15
20.39,63.39
20.86,63.86
20.78,63.78
20.05,63.05
20.26,63.26
21.86,0.86
21.06,0.06
21.91,0.91
21.23,0.23
21.81,0.81
21.16,0.16
21.9,0.9
21.4,0.4
21.77,0.77
21.62,0.62
21.93,1.9300000000000002
21.47,1.47
21.22,1.22
21.21,1.21
21.11,1.11
21.29,1.29
21.6,1.6
21.25,1.25
21.94,1.94
21.78,1.78
21.06,2.06
21.17,2.17
21.76,2.76
21.28,2.2800000000000002
21.57,2.57
21.32,2.32
21.85,2.85
21.04,2.04
21.98,2.98
21.08,2.08
21.06,3.06
21.91,3.91
21.17,3.17
21.89,3.89
21.92,3.92
21.98,3.98
21.76,3.76
21.13,3.13
21.72,3.7199999999999998
21.97,3.9699999999999998
21.03,4.03
21.84,4.84
21.82,4.82
21.2,4.2
21.68,4.68
21.94,4.9399999999999995
21.88,4.88
21.25,4.25
21.75,4.75
21.79,4.79
21.78,5.78
21.79,5.79
21.81,5.8100000000000005
21.75,5.75
21.91,5.91
21.42,5.42
21.33,5.33
21.63,5.63
21.04,5.04
21.66,5.66
21.97,6.97
21.83,6.83
21.4,6.4
21.81,6.8100000000000005
21.29,6.29
21.79,6.79
21.67,6.67
21.19,6.19
21.7,6.7
21.72,6.72
21.0,7.0
21.21,7.21
21.96,7.96
21.13,7.13
21.05,7.05
21.82,7.82
21.1,7.1
21.58,7.58
21.41,7.41
21.05,7.05
21.17,8.17
21.4,8.4
21.22,8.22
21.95,8.95
21.0,8.0
21.27,8.27
21.65,8.65
21.89,8.89
21.89,8.89
21.24,8.24
21.74,9.74
21.92,9.92
21.19,9.19
21.26,9.26
21.67,9.67
21.18,9.18
21.97,9.97
21.24,9.24
21.19,9.19
21.24,9.24
21.11,10.11
21.59,10.59
21.7,10.7
21.24,10.24
21.4,10.4
21.22,10.22
21.32,10.32
21.14,10.14
21.99,10.99
21.14,10.14
21.29,30.29
21.07,30.07
21.42,30.42
21.15,30.15
21.76,30.76
21.16,30.16
21.77,30.77
21.84,30.84
21.72,30.72
21.55,30.55
21.9,44.9
21.33,44.33
21.92,44.92
21.74,44.74
21.38,44.38
21.59,44.59
21.27,44.27
21.95,44.95
21.83,44.83
21.82,44.82
21.3,45.3
21.13,45.13
21.73,45.73
21.83,45.83
21.38,45.38
21.75,45.75
21.56,45.56
21.37,45.37
21.43,45.43
21.48,45.48
21.43,46.43
21.73,46.73
21.68,46.68
21.92,46.92
21.86,46.86
21.42,46.42
21.18,46.18
21.26,46.26
21.89,46.89
21.95,46.95
21.38,47.38
21.55,47.55
21.6,47.6
21.88,47.88
21.29,47.29
21.71,47.71
21.67,47.67
21.26,47.26
21.69,47.69
21.41,47.41
21.6,63.6
21.45,63.45
21.1,63.1
21.06,63.06
21.25,63.25
21.95,63.95
21.92,63.92
21.26,63.26
21.64,63.64
21.94,63.94
22.46,2.46
22.68,2.68
22.19,2.19
22.2,2.2
22.22,2.22
22.22,2.22
22.79,2.79
22.89,2.89
22.1,2.1
22.37,2.37
22.2,3.2
22.27,3.27
22.16,3.16
22.79,3.79
22.7,3.7
22.97,3.9699999999999998
22.19,3.19
22.23,3.23
22.37,3.37
22.3,3.3
22.06,4.06
22.16,4.16
22.98,4.98
22.54,4.54
22.62,4.62
22.47,4.47
22.33,4.33
22.27,4.27
22.78,4.78
22.46,4.46
22.0,5.0
22.65,5.65
22.27,5.27
22.04,5.04
22.2,5.2
22.37,5.37
22.01,5.01
22.16,5.16
22.56,5.5600000000000005
22.69,5.6899999999999995
22.76,6.76
22.1,6.1
22.5,6.5
22.18,6.18
22.57,6.57
22.63,6.63
22.61,6.61
22.26,6.26
22.69,6.6899999999999995
22.38,6.38
22.71,7.71
22.33,7.33
22.62,7.62
22.07,7.07
22.32,7.32
22.67,7.67
22.57,7.57
22.48,7.48
22.28,7.28
22.64,7.64
22.46,8.46
22.91,8.91
23.0,9.0
22.74,8.74
22.9,8.9
22.92,8.92
22.07,8.07
22.2,8.2
22.11,8.11
23.0,9.0
22.37,9.37
22.29,9.29
22.65,9.65
22.69,9.69
22.61,9.61
22.25,9.25
22.7,9.7
22.71,9.71
22.27,9.27
22.08,9.08
22.14,10.14
22.31,10.31
22.6,10.6
22.57,10.57
22.85,10.85
22.75,10.75
22.43,10.43
22.0,10.0
22.0,10.0
22.15,10.15
22.35,11.35
22.34,11.34
22.92,11.92
22.57,11.57
22.87,11.87
22.45,11.45
23.0,12.0
22.79,11.79
22.55,11.55
22.92,11.92
22.23,12.23
22.99,12.99
22.66,12.66
22.42,12.42
22.18,12.18
22.25,12.25
22.79,12.79
22.3,12.3
22.56,12.56
22.7,12.7
22.32,14.32
22.71,14.71
22.54,14.54
22.1,14.1
22.18,14.18
22.62,14.62
22.07,14.07
22.89,14.89
22.41,14.41
22.02,14.02
22.76,15.76
22.25,15.25
22.72,15.72
22.86,15.86
22.11,15.11
22.43,15.43
22.32,15.32
22.78,15.78
22.45,15.45
22.62,15.62
22.24,16.24
22.74,16.74
22.31,16.31
22.83,16.83
22.34,16.34
22.16,16.16
22.81,16.81
22.66,16.66
22.66,16.66
22.41,16.41
22.37,30.37
22.48,30.48
22.12,30.12
22.49,30.49
22.01,30.01
22.92,30.92
22.27,30.27
22.88,30.88
22.51,30.51
22.29,30.29
22.9,32.9
22.29,32.29
22.38,32.38
22.7,32.7
22.7,32.7
22.43,32.43
22.53,32.53
22.88,32.88
22.21,32.21
22.6,32.6
22.04,33.04
22.9,33.9
22.61,33.61
22.88,33.88
22.87,33.87
22.29,33.29
22.48,33.48
22.75,33.75
22.79,33.79
22.92,33.92
22.06,34.06
22.04,34.04
22.39,34.39
22.64,34.64
22.28,34.28
22.58,34.58
22.92,34.92
22.41,34.41
22.25,34.25
22.34,34.34
22.03,44.03
22.93,44.93
22.79,44.79
22.52,44.52
22.9,44.9
22.92,44.92
22.44,44.44
22.1,44.1
22.2,44.2
22.55,44.55
22.53,63.53
22.36,63.36
22.3,63.3
22.72,63.72
22.24,63.24
22.89,63.89
22.93,63.93
22.47,63.47
22.51,63.51
22.48,63.48
23.19,10.19
23.72,10.72
23.04,10.04
23.59,10.59
23.89,10.89
24.0,11.0
23.87,10.87
23.2,10.2
23.48,10.48
23.62,10.62
23.95,12.95
23.44,12.44
23.07,12.07
23.83,12.83
23.01,12.01
23.03,12.03
23.41,12.41
23.22,12.22
23.73,12.73
23.95,12.95
23.68,13.68
23.9,13.9
23.8,13.8
23.77,13.77
23.45,13.45
23.99,13.99
23.73,13.73
23.16,13.16
23.75,13.75
23.17,13.17
23.67,14.67
23.42,14.42
23.14,14.14
23.33,14.33
23.6,14.6
23.93,14.93
23.61,14.61
23.44,14.44
23.83,14.83
23.14,14.14
23.2,16.2
23.69,16.69
23.89,16.89
23.89,16.89
23.63,16.63
23.09,16.09
23.07,16.07
23.55,16.55
23.2,16.2
23.05,16.05
23.32,17.32
23.72,17.72
23.75,17.75
23.91,17.91
23.9,17.9
23.43,17.43
23.09,17.09
23.06,17.06
23.17,17.17
23.84,17.84
23.14,18.14
23.65,18.65
23.49,18.49
23.45,18.45
23.24,18.24
23.49,18.49
23.07,18.07
23.8,18.8
23.28,18.28
23.23,18.23
23.24,19.24
23.07,19.07
23.31,19.31
23.04,19.04
23.23,19.23
23.57,19.57
23.32,19.32
23.83,19.83
23.66,19.66
23.93,19.93
23.95,20.95
23.63,20.63
23.04,20.04
23.1,20.1
23.62,20.62
23.86,20.86
23.49,20.49
23.82,20.82
23.81,20.81
23.76,20.76
23.23,21.23
23.9,21.9
23.86,21.86
23.16,21.16
23.57,21.57
23.46,21.46
23.73,21.73
23.36,21.36
23.06,21.06
23.52,21.52
23.1,22.1
23.49,22.49
23.24,22.24
23.5,22.5
23.89,22.89
23.5,22.5
23.73,22.73
23.82,22.82
23.94,22.94
23.7,22.7
23.35,23.35
23.01,23.01
23.5,23.5
23.43,23.43
23.09,23.09
23.65,23.65
23.06,23.06
23.63,23.63
23.31,23.31
23.51,23.51
23.32,24.32
23.48,24.48
23.22,24.22
23.64,24.64
23.24,24.24
23.08,24.08
23.11,24.11
23.35,24.35
23.32,24.32
23.24,24.24
23.61,25.61
23.13,25.13
23.5,25.5
23.56,25.56
23.84,25.84
23.22,25.22
23.99,25.99
23.46,25.46
23.71,25.71
23.32,25.32
23.01,26.01
23.19,26.19
23.77,26.77
23.08,26.08
23.76,26.76
23.09,26.09
23.1,26.1
23.65,26.65
23.33,26.33
23.29,26.29
23.67,27.67
23.1,27.1
23.73,27.73
23.36,27.36
23.72,27.72
23.62,27.62
23.04,27.04
23.95,27.95
23.39,27.39
23.34,27.34
23.55,28.55
23.23,28.23
23.9,28.9
23.65,28.65
23.83,28.83
23.53,28.53
23.84,28.84
23.34,28.34
23.96,28.96
23.93,28.93
23.78,29.78
23.83,29.83
23.91,29.91
23.09,29.09
23.78,29.78
23.32,29.32
23.75,29.75
23.15,29.15
23.42,29.42
23.77,29.77
23.78,30.78
23.63,30.63
23.78,30.78
23.7,30.7
23.57,30.57
23.64,30.64
23.5,30.5
23.7,30.7
23.1,30.1
24.0,31.0
23.86,31.86
23.79,31.79
23.45,31.45
23.69,31.69
23.25,31.25
23.28,31.28
23.86,31.86
23.29,31.29
23.89,31.89
23.47,31.47
23.19,32.19
23.08,32.08
23.15,32.15
23.75,32.75
23.27,32.27
23.07,32.07
23.77,32.77
23.01,32.01
23.15,32.15
23.84,32.84
23.12,34.12
23.18,34.18
23.19,34.19
23.6,34.6
23.8,34.8
23.72,34.72
23.94,34.94
23.91,34.91
23.73,34.73
23.26,34.26
23.11,35.11
23.74,35.74
23.04,35.04
23.42,35.42
23.65,35.65
23.64,35.64
23.94,35.94
23.87,35.87
23.02,35.02
23.45,35.45
23.32,36.32
23.94,36.94
23.54,36.54
23.7,36.7
23.11,36.11
23.93,36.93
23.63,36.63
23.45,36.45
23.1,36.1
23.33,36.33
23.73,44.73
23.36,44.36
23.27,44.27
23.17,44.17
23.93,44.93
23.05,44.05
23.14,44.14
23.75,44.75
23.78,44.78
23.63,44.63
23.41,63.41
23.76,63.76
23.04,63.04
23.24,63.24
23.37,63.37
23.67,63.67
23.97,63.97
23.31,63.31
23.37,63.37
23.57,63.57
23.18,64.18
23.42,64.42
23.8,64.8
23.65,64.65
23.22,64.22
23.23,64.23
23.32,64.32
23.68,64.68
23.02,64.02
23.35,64.35
24.55,5.55
24.55,5.55
24.16,5.16
24.71,5.71
24.57,5.57
24.32,5.32
24.97,5.97
24.76,5.76
24.01,5.01
24.24,5.24
24.24,6.24
24.95,6.95
24.5,6.5
24.5,6.5
24.99,6.99
24.15,6.15
24.93,6.93
24.7,6.7
24.9,6.9
24.65,6.65
24.97,7.97
24.44,7.44
24.83,7.83
24.71,7.71
24.73,7.73
24.45,7.45
24.84,7.84
24.02,7.02
24.73,7.73
24.23,7.23
24.14,8.14
24.83,8.83
24.54,8.54
24.86,8.86
24.44,8.44
24.8,8.8
24.87,8.87
25.0,9.0
24.47,8.47
24.31,8.31
24.11,9.11
24.93,9.93
24.62,9.62
24.67,9.67
24.93,9.93
24.45,9.45
24.85,9.85
24.75,9.75
24.73,9.73
24.27,9.27
24.75,10.75
24.24,10.24
24.16,10.16
24.29,10.29
24.76,10.76
24.37,10.37
24.52,10.52
24.47,10.47
24.06,10.06
24.03,10.03
24.61,16.61
24.16,16.16
24.19,16.19
24.29,16.29
24.78,16.78
24.94,16.94
24.36,16.36
24.48,16.48
24.17,16.17
24.55,16.55
24.71,36.71
24.37,36.37
24.23,36.23
24.15,36.15
24.48,36.48
24.21,36.21
24.14,36.14
24.23,36.23
24.26,36.26
24.13,36.13
24.48,37.48
24.03,37.03
24.97,37.97
24.26,37.26
24.13,37.13
24.68,37.68
24.98,37.98
24.69,37.69
24.93,37.93
24.48,37.48
24.81,38.81
24.97,38.97
24.76,38.76
24.26,38.26
24.51,38.51
24.2,38.2
24.71,38.71
24.43,38.43
24.63,38.63
24.36,38.36
24.81,40.81
24.5,40.5
24.28,40.28
24.77,40.77
24.8,40.8
24.59,40.59
24.92,40.92
24.14,40.14
24.16,40.16
24.49,40.49
24.36,41.36
24.74,41.74
24.84,41.84
24.82,41.82
24.71,41.71
24.47,41.47
24.88,41.88
24.97,41.97
24.25,41.25
24.28,41.28
24.2,42.2
24.74,42.74
24.91,42.91
24.77,42.77
24.69,42.69
24.7,42.7
24.64,42.64
24.52,42.52
24.31,42.31
24.58,42.58
24.25,43.25
24.63,43.63
24.65,43.65
24.6,43.6
24.56,43.56
24.95,43.95
24.48,43.48
24.12,43.12
24.94,43.94
24.24,43.24
24.92,44.92
24.09,44.09
24.98,44.98
24.93,44.93
24.17,44.17
24.76,44.76
24.34,44.34
24.57,44.57
24.39,44.39
24.43,44.43
24.94,64.94
24.23,64.23
24.05,64.05
24.45,64.45
24.67,64.67
24.36,64.36
24.48,64.48
24.93,64.93
24.8,64.8
24.66,64.66
25.36,5.36
25.67,5.67
25.68,5.68
25.86,5.86
25.6,5.6
25.43,5.43
25.71,5.71
25.61,5.61
25.54,5.54
25.5,5.5
25.57,16.57
25.54,16.54
25.18,16.18
25.09,16.09
25.79,16.79
25.66,16.66
25.15,16.15
25.23,16.23
25.17,16.17
25.27,16.27
25.96,19.96
25.46,19.46
25.89,19.89
25.87,19.87
25.39,19.39
25.03,19.03
25.7,19.7
25.12,19.12
25.71,19.71
25.57,19.57
25.87,20.87
25.88,20.88
25.73,20.73
25.37,20.37
25.19,20.19
25.72,20.72
25.85,20.85
25.73,20.73
25.82,20.82
25.72,20.72
25.21,21.21
25.22,21.22
25.84,21.84
25.25,21.25
25.18,21.18
25.8,21.8
25.58,21.58
25.21,21.21
25.91,21.91
25.39,21.39
25.11,23.11
25.75,23.75
25.05,23.05
25.19,23.19
25.81,23.81
25.87,23.87
25.53,23.53
25.34,23.34
25.83,23.83
25.01,23.01
25.68,24.68
25.71,24.71
25.32,24.32
25.56,24.56
25.19,24.19
25.53,24.53
25.33,24.33
25.37,24.37
25.59,24.59
25.28,24.28
25.13,25.13
26.0,26.0
25.38,25.38
25.67,25.67
25.76,25.76
25.27,25.27
25.37,25.37
25.63,25.63
25.75,25.75
25.98,25.98
25.58,26.58
25.3,26.3
25.87,26.87
25.82,26.82
25.14,26.14
25.1,26.1
25.17,26.17
25.53,26.53
25.87,26.87
25.37,26.37
25.6,27.6
25.0,27.0
25.06,27.06
25.56,27.56
25.43,27.43
25.86,27.86
25.9,27.9
25.53,27.53
25.96,27.96
25.09,27.09
25.6,36.6
25.96,36.96
25.56,36.56
25.11,36.11
25.16,36.16
25.7,36.7
25.94,36.94
25.98,36.98
25.59,36.59
25.43,36.43
25.88,38.88
25.58,38.58
25.16,38.16
25.71,38.71
25.45,38.45
25.75,38.75
25.71,38.71
25.18,38.18
25.52,38.52
25.49,38.49
25.99,39.99
25.61,39.61
25.06,39.06
25.19,39.19
25.2,39.2
25.75,39.75
25.76,39.76
25.29,39.29
26.0,40.0
25.13,39.13
25.34,40.34
25.56,40.56
25.62,40.62
25.48,40.48
25.06,40.06
25.1,40.1
25.65,40.65
25.03,40.03
25.4,40.4
25.81,40.81
25.4,63.4
25.87,63.87
25.34,63.34
25.54,63.54
25.05,63.05
25.64,63.64
25.49,63.49
25.51,63.51
25.82,63.82
25.31,63.31
25.25,64.25
25.08,64.08
25.3,64.3
25.12,64.12
25.61,64.61
25.27,64.27
25.1,64.1
25.07,64.07
25.19,64.19
25.32,64.32
26.62,5.62
26.47,5.47
26.87,5.87
26.41,5.41
26.14,5.14
26.52,5.52
26.9,5.9
26.07,5.07
26.18,5.18
26.74,5.74
26.79,16.79
26.34,16.34
26.81,16.81
26.66,16.66
26.21,16.21
26.49,16.49
26.92,16.92
26.71,16.71
26.6,16.6
26.75,16.75
26.32,17.32
26.24,17.24
26.63,17.63
26.07,17.07
26.76,17.76
26.39,17.39
26.41,17.41
26.29,17.29
26.47,17.47
26.21,17.21
26.29,18.29
26.57,18.57
26.71,18.71
26.59,18.59
26.76,18.76
26.44,18.44
26.19,18.19
26.76,18.76
26.14,18.14
26.8,18.8
26.57,19.57
26.22,19.22
26.48,19.48
26.65,19.65
26.79,19.79
26.5,19.5
26.83,19.83
26.59,19.59
26.59,19.59
26.92,19.92
26.83,21.83
26.74,21.74
26.89,21.89
26.49,21.49
26.13,21.13
26.03,21.03
26.0,21.0
26.82,21.82
26.15,21.15
26.42,21.42
26.39,22.39
26.45,22.45
26.86,22.86
26.73,22.73
26.46,22.46
26.14,22.14
26.47,22.47
26.11,22.11
26.71,22.71
26.95,22.95
26.07,23.07
26.67,23.67
26.5,23.5
26.71,23.71
26.59,23.59
26.83,23.83
26.57,23.57
26.2,23.2
26.85,23.85
26.22,23.22
26.59,27.59
26.12,27.12
26.85,27.85
26.73,27.73
26.97,27.97
26.4,27.4
26.39,27.39
26.21,27.21
26.71,27.71
26.63,27.63
26.8,28.8
26.44,28.44
26.83,28.83
26.54,28.54
26.85,28.85
26.69,28.69
26.7,28.7
26.62,28.62
26.05,28.05
26.26,28.26
26.24,36.24
26.92,36.92
26.42,36.42
26.16,36.16
26.77,36.77
26.77,36.77
26.06,36.06
26.61,36.61
26.36,36.36
26.87,36.87
26.45,63.45
26.89,63.89
26.36,63.36
26.36,63.36
26.2,63.2
26.69,63.69
26.98,63.98
26.22,63.22
26.19,63.19
26.82,63.82
27.37,5.37
27.21,5.21
27.67,5.67
27.13,5.13
27.6,5.6
27.12,5.12
27.08,5.08
27.07,5.07
27.83,5.83
27.69,5.6899999999999995
27.22,15.22
27.88,15.88
27.42,15.42
27.33,15.33
27.22,15.22
27.29,15.29
27.78,15.78
27.08,15.08
27.22,15.22
27.64,15.64
27.88,16.88
27.55,16.55
27.7,16.7
27.36,16.36
27.49,16.49
27.54,16.54
27.69,16.69
27.07,16.07
27.08,16.08
27.97,16.97
27.66,28.66
27.32,28.32
27.17,28.17
27.74,28.74
27.05,28.05
27.75,28.75
27.27,28.27
28.0,29.0
27.72,28.72
27.67,28.67
27.33,36.33
27.17,36.17
27.96,36.96
27.76,36.76
27.17,36.17
27.0,36.0
27.87,36.87
27.32,36.32
27.63,36.63
27.27,36.27
27.42,63.42
27.99,63.99
27.62,63.62
27.31,63.31
27.56,63.56
27.97,63.97
27.26,63.26
27.87,63.87
27.41,63.41
27.98,63.98
28.16,3.16
28.98,3.98
28.23,3.23
28.5,3.5
28.75,3.75
28.95,3.95
28.97,3.9699999999999998
28.44,3.44
28.24,3.24
28.89,3.89
28.15,4.15
28.59,4.59
28.96,4.96
28.68,4.68
28.97,4.97
28.52,4.52
28.16,4.16
28.92,4.92
28.02,4.02
28.75,4.75
28.61,5.61
28.89,5.89
28.9,5.9
28.53,5.53
28.92,5.92
28.53,5.53
28.2,5.2
28.58,5.58
28.23,5.23
28.79,5.79
28.96,6.96
28.61,6.61
28.06,6.06
28.56,6.5600000000000005
28.8,6.8
28.37,6.37
28.94,6.9399999999999995
28.55,6.55
28.81,6.8100000000000005
28.03,6.03
28.28,13.28
28.11,13.11
28.02,13.02
28.31,13.31
28.38,13.38
28.29,13.29
28.99,13.99
28.84,13.84
28.41,13.41
28.21,13.21
28.82,14.82
28.85,14.85
28.71,14.71
28.85,14.85
28.89,14.89
28.67,14.67
28.42,14.42
28.41,14.41
28.05,14.05
28.74,14.74
28.79,28.79
28.94,28.94
28.97,28.97
28.59,28.59
28.66,28.66
28.09,28.09
28.53,28.53
28.27,28.27
28.48,28.48
28.1,28.1
28.24,29.24
28.15,29.15
28.74,29.74
28.15,29.15
28.97,29.97
28.48,29.48
28.55,29.55
28.24,29.24
28.11,29.11
28.32,29.32
28.93,36.93
28.52,36.52
28.54,36.54
28.93,36.93
28.6,36.6
28.04,36.04
28.44,36.44
28.87,36.87
28.41,36.41
28.91,36.91
28.52,63.52
28.66,63.66
28.39,63.39
28.54,63.54
28.46,63.46
28.12,63.12
28.3,63.3
28.75,63.75
28.08,63.08
28.54,63.54
29.05,3.05
29.17,3.17
29.26,3.26
29.25,3.25
29.72,3.7199999999999998
29.32,3.32
29.46,3.46
29.22,3.22
29.49,3.49
29.55,3.55
29.83,6.83
29.04,6.04
29.66,6.66
29.61,6.61
29.28,6.28
29.04,6.04
29.89,6.89
29.75,6.75
29.48,6.48
29.49,6.49
29.81,12.81
29.81,12.81
29.65,12.65
29.52,12.52
29.14,12.14
29.96,12.96
29.24,12.24
29.71,12.71
29.0,12.0
29.41,12.41
29.34,13.34
29.29,13.29
29.54,13.54
29.68,13.68
29.74,13.74
29.49,13.49
29.37,13.37
29.04,13.04
29.17,13.17
29.22,13.22
29.21,29.21
29.78,29.78
29.65,29.65
29.73,29.73
29.44,29.44
29.65,29.65
29.08,29.08
29.44,29.44
29.14,29.14
29.07,29.07
29.1,36.1
29.25,36.25
29.68,36.68
29.16,36.16
29.95,36.95
29.68,36.68
29.05,36.05
29.2,36.2
29.33,36.33
29.12,36.12
29.66,63.66
29.56,63.56
29.49,63.49
29.47,63.47
29.64,63.64
29.8,63.8
29.94,63.94
29.05,63.05
29.15,63.15
29.28,63.28
29.94,64.94
29.68,64.68
29.04,64.04
29.68,64.68
29.11,64.11
29.06,64.06
29.26,64.26
29.84,64.84
29.28,64.28
29.85,64.85
30.94,3.94
30.69,3.69
30.58,3.58
30.13,3.13
30.5,3.5
30.65,3.65
30.05,3.05
30.25,3.25
30.26,3.26
30.37,3.37
30.55,6.55
30.15,6.15
30.66,6.66
30.0,6.0
30.8,6.8
30.3,6.3
30.42,6.42
30.37,6.37
30.5,6.5
30.68,6.68
30.78,7.78
30.89,7.89
30.67,7.67
30.68,7.68
30.61,7.61
30.28,7.28
30.77,7.77
30.54,7.54
30.13,7.13
30.71,7.71
30.89,11.89
30.43,11.43
30.98,11.98
30.24,11.24
30.94,11.94
30.4,11.4
30.2,11.2
30.86,11.86
30.93,11.93
30.59,11.59
30.65,12.65
30.01,12.01
30.14,12.14
30.29,12.29
30.67,12.67
30.25,12.25
30.58,12.58
30.76,12.76
30.53,12.53
30.33,12.33
30.97,19.97
30.68,19.68
30.57,19.57
30.38,19.38
30.16,19.16
30.46,19.46
30.77,19.77
30.56,19.56
30.82,19.82
30.68,19.68
30.64,20.64
30.69,20.69
30.3,20.3
30.32,20.32
30.54,20.54
30.31,20.31
30.11,20.11
30.32,20.32
30.29,20.29
30.23,20.23
30.51,21.51
30.6,21.6
30.76,21.76
30.06,21.06
30.45,21.45
30.65,21.65
30.66,21.66
30.0,21.0
30.95,21.95
30.7,21.7
30.62,22.62
30.83,22.83
30.19,22.19
30.77,22.77
30.76,22.76
30.73,22.73
30.25,22.25
31.0,23.0
30.75,22.75
30.9,22.9
30.76,29.76
30.45,29.45
30.86,29.86
30.67,29.67
30.46,29.46
30.39,29.39
30.06,29.06
30.07,29.07
30.81,29.81
30.32,29.32
30.14,30.14
30.92,30.92
30.3,30.3
30.63,30.63
30.01,30.01
30.41,30.41
30.72,30.72
30.02,30.02
30.13,30.13
30.38,30.38
30.05,36.05
30.72,36.72
30.53,36.53
30.74,36.74
30.96,36.96
30.41,36.41
30.92,36.92
30.5,36.5
30.44,36.44
30.94,36.94
30.53,64.53
30.06,64.06
30.32,64.32
30.07,64.07
30.81,64.81
30.61,64.61
30.41,64.41
30.01,64.01
30.99,64.99
30.93,64.93
31.62,3.62
31.58,3.58
31.66,3.66
31.93,3.93
31.77,3.77
31.01,3.01
31.74,3.74
31.36,3.36
31.95,3.95
31.85,3.85
31.33,7.33
31.2,7.2
31.76,7.76
31.62,7.62
31.32,7.32
31.6,7.6
31.43,7.43
31.69,7.6899999999999995
31.96,7.96
31.04,7.04
31.26,11.26
31.17,11.17
31.24,11.24
31.38,11.38
31.79,11.79
31.68,11.68
31.01,11.01
31.42,11.42
31.81,11.81
31.1,11.1
31.41,19.41
31.02,19.02
31.67,19.67
31.99,19.99
31.44,19.44
31.53,19.53
31.51,19.51
31.64,19.64
31.34,19.34
31.01,19.01
31.48,22.48
31.38,22.38
31.9,22.9
31.04,22.04
31.87,22.87
31.69,22.69
31.32,22.32
31.86,22.86
31.51,22.51
31.27,22.27
31.62,30.62
31.71,30.71
31.44,30.44
31.69,30.69
31.69,30.69
31.43,30.43
31.6,30.6
31.71,30.71
31.61,30.61
31.16,30.16
31.97,36.97
31.99,36.99
31.06,36.06
31.87,36.87
31.7,36.7
31.25,36.25
31.33,36.33
31.68,36.68
31.43,36.43
31.36,36.36
31.66,37.66
31.96,37.96
31.02,37.02
31.4,37.4
31.54,37.54
31.3,37.3
31.72,37.72
31.86,37.86
31.1,37.1
31.93,37.93
31.71,64.71
31.95,64.95
31.83,64.83
31.72,64.72
31.76,64.76
31.1,64.1
31.18,64.18
31.18,64.18
31.96,64.96
31.45,64.45
32.17,3.17
32.59,3.59
32.51,3.51
32.68,3.68
32.39,3.39
32.46,3.46
32.65,3.65
32.0,3.0
32.15,3.15
32.59,3.59
32.61,4.61
32.32,4.32
32.82,4.82
32.13,4.13
32.72,4.72
32.49,4.49
32.2,4.2
32.76,4.76
32.31,4.31
32.98,4.98
32.83,5.83
32.17,5.17
32.57,5.57
32.29,5.29
32.6,5.6
32.51,5.51
32.13,5.13
32.11,5.11
32.71,5.71
32.71,5.71
32.76,7.76
32.05,7.05
32.48,7.48
32.67,7.67
32.85,7.85
32.65,7.65
32.57,7.57
32.44,7.44
32.58,7.58
32.09,7.09
32.08,11.08
32.42,11.42
32.48,11.48
32.5,11.5
32.61,11.61
32.72,11.72
32.67,11.67
32.11,11.11
32.5,11.5
32.08,11.08
32.95,19.95
32.07,19.07
32.09,19.09
32.81,19.81
32.59,19.59
32.51,19.51
32.45,19.45
32.62,19.62
32.29,19.29
32.38,19.38
32.52,22.52
32.71,22.71
32.89,22.89
32.66,22.66
32.3,22.3
32.42,22.42
32.22,22.22
32.3,22.3
32.39,22.39
32.56,22.56
32.51,30.51
32.5,30.5
32.68,30.68
32.39,30.39
32.71,30.71
32.45,30.45
32.69,30.69
32.55,30.55
32.45,30.45
32.98,30.98
32.68,37.68
32.24,37.24
32.91,37.91
32.32,37.32
32.91,37.91
32.55,37.55
32.39,37.39
32.41,37.41
32.33,37.33
32.07,37.07
32.41,63.41
32.22,63.22
32.77,63.77
32.25,63.25
32.78,63.78
32.98,63.98
32.13,63.13
32.46,63.46
32.68,63.68
32.26,63.26
32.37,64.37
32.72,64.72
32.3,64.3
32.12,64.12
32.1,64.1
32.06,64.06
32.08,64.08
32.03,64.03
32.28,64.28
32.46,64.46
33.19,5.19
33.23,5.23
33.55,5.55
33.81,5.8100000000000005
33.01,5.01
33.96,5.96
33.81,5.8100000000000005
33.67,5.67
33.75,5.75
33.62,5.62
33.73,6.73
33.73,6.73
33.96,6.96
33.78,6.78
33.73,6.73
33.6,6.6
33.33,6.33
33.62,6.62
33.59,6.59
33.07,6.07
33.21,7.21
33.74,7.74
33.68,7.68
33.74,7.74
33.98,7.98
33.9,7.9
33.34,7.34
33.63,7.63
33.81,7.8100000000000005
33.25,7.25
33.39,11.39
33.93,11.93
33.19,11.19
33.89,11.89
33.86,11.86
33.81,11.81
33.31,11.31
34.0,12.0
33.0,11.0
33.13,11.13
33.12,12.12
33.88,12.88
33.01,12.01
33.66,12.66
33.87,12.87
33.37,12.37
33.51,12.51
33.32,12.32
33.17,12.17
34.0,13.0
33.47,13.47
33.11,13.11
33.87,13.87
33.01,13.01
33.72,13.72
33.31,13.31
33.2,13.2
33.38,13.38
33.33,13.33
33.1,13.1
33.65,19.65
33.74,19.74
33.17,19.17
33.58,19.58
33.14,19.14
33.4,19.4
33.44,19.44
33.54,19.54
33.87,19.87
33.2,19.2
33.2,22.2
33.28,22.28
33.07,22.07
33.9,22.9
33.99,22.99
33.23,22.23
33.96,22.96
33.59,22.59
33.45,22.45
33.49,22.49
33.23,30.23
33.2,30.2
33.13,30.13
33.04,30.04
33.98,30.98
33.33,30.33
33.15,30.15
33.04,30.04
33.91,30.91
33.68,30.68
33.07,35.07
33.9,35.9
33.69,35.69
33.43,35.43
33.16,35.16
33.03,35.03
33.96,35.96
33.9,35.9
33.99,35.99
33.57,35.57
33.75,36.75
33.13,36.13
33.61,36.61
33.88,36.88
33.58,36.58
33.35,36.35
33.8,36.8
33.59,36.59
33.22,36.22
33.94,36.94
33.06,37.06
33.12,37.12
33.93,37.93
33.48,37.48
33.15,37.15
33.47,37.47
33.36,37.36
33.97,37.97
33.54,37.54
33.37,37.37
33.6,63.6
33.59,63.59
33.3,63.3
33.79,63.79
33.44,63.44
33.16,63.16
33.67,63.67
33.29,63.29
33.1,63.1
33.14,63.14
34.99,13.99
34.69,13.69
34.1,13.1
34.85,13.85
34.65,13.65
34.17,13.17
34.85,13.85
34.33,13.33
34.99,13.99
34.77,13.77
34.84,19.84
34.23,19.23
34.93,19.93
34.09,19.09
34.13,19.13
34.72,19.72
34.99,19.99
34.2,19.2
34.03,19.03
34.27,19.27
34.78,22.78
34.14,22.14
34.89,22.89
34.32,22.32
34.46,22.46
34.82,22.82
34.65,22.65
34.77,22.77
34.64,22.64
34.69,22.69
34.58,23.58
34.14,23.14
34.35,23.35
34.38,23.38
34.74,23.74
34.3,23.3
34.0,23.0
34.02,23.02
34.65,23.65
34.43,23.43
34.77,27.77
34.24,27.24
34.31,27.31
34.2,27.2
34.42,27.42
34.54,27.54
34.31,27.31
34.1,27.1
34.3,27.3
34.37,27.37
34.18,28.18
34.98,28.98
34.54,28.54
34.18,28.18
34.74,28.74
34.79,28.79
34.64,28.64
34.82,28.82
34.12,28.12
34.85,28.85
34.08,29.08
34.51,29.51
34.76,29.76
34.94,29.94
34.48,29.48
34.24,29.24
34.49,29.49
34.8,29.8
34.48,29.48
34.09,29.09
34.96,30.96
34.15,30.15
34.09,30.09
34.76,30.76
34.27,30.27
34.48,30.48
34.48,30.48
34.83,30.83
34.47,30.47
34.94,30.94
34.64,35.64
34.49,35.49
34.33,35.33
34.77,35.77
34.46,35.46
34.5,35.5
34.21,35.21
34.53,35.53
34.01,35.01
34.12,35.12
34.18,63.18
34.29,63.29
34.98,63.98
34.14,63.14
34.85,63.85
34.23,63.23
34.29,63.29
34.93,63.93
34.72,63.72
34.35,63.35
35.01,13.01
35.08,13.08
35.93,13.93
35.96,13.96
35.34,13.34
35.57,13.57
35.61,13.61
35.18,13.18
35.89,13.89
35.35,13.35
35.63,17.63
35.5,17.5
35.6,17.6
35.22,17.22
35.01,17.01
35.79,17.79
35.65,17.65
35.02,17.02
35.32,17.32
35.14,17.14
35.76,18.76
35.73,18.73
35.91,18.91
35.15,18.15
35.95,18.95
35.52,18.52
35.2,18.2
35.59,18.59
35.5,18.5
35.07,18.07
35.33,19.33
35.59,19.59
35.14,19.14
36.0,20.0
35.99,19.99
35.7,19.7
35.41,19.41
35.1,19.1
35.71,19.71
35.19,19.19
35.47,23.47
35.07,23.07
35.1,23.1
35.43,23.43
35.56,23.56
35.74,23.74
35.17,23.17
35.14,23.14
35.3,23.3
35.51,23.51
35.62,27.62
35.39,27.39
35.32,27.32
35.56,27.56
35.91,27.91
35.01,27.01
35.58,27.58
35.15,27.15
35.98,27.98
35.87,27.87
35.73,35.73
35.05,35.05
35.89,35.89
35.47,35.47
35.56,35.56
35.49,35.49
35.23,35.23
35.02,35.02
35.13,35.13
35.5,35.5
35.12,63.12
35.37,63.37
35.94,63.94
35.1,63.1
35.25,63.25
35.89,63.89
35.14,63.14
35.83,63.83
35.55,63.55
35.51,63.51
36.33,4.33
36.53,4.53
36.98,4.98
36.75,4.75
36.85,4.85
36.82,4.82
36.27,4.27
36.27,4.27
36.47,4.47
36.71,4.71
36.53,5.53
36.44,5.44
36.24,5.24
36.68,5.68
36.84,5.84
36.15,5.15
36.89,5.89
36.24,5.24
36.23,5.23
36.12,5.12
36.44,6.44
36.0,6.0
36.01,6.01
36.07,6.07
36.91,6.91
36.25,6.25
36.11,6.11
36.13,6.13
36.22,6.22
36.18,6.18
36.85,7.85
36.56,7.5600000000000005
36.37,7.37
36.91,7.91
36.12,7.12
36.06,7.06
36.11,7.11
36.81,7.8100000000000005
36.73,7.73
36.31,7.31
36.81,8.81
36.6,8.6
36.28,8.28
36.42,8.42
36.59,8.59
36.43,8.43
36.66,8.66
36.52,8.52
36.15,8.15
36.75,8.75
36.15,9.15
36.43,9.43
36.47,9.47
36.65,9.65
36.04,9.04
36.36,9.36
36.24,9.24
36.56,9.56
36.49,9.49
36.27,9.27
36.69,10.69
36.86,10.86
36.58,10.58
36.84,10.84
36.51,10.51
36.41,10.41
36.94,10.94
36.93,10.93
36.41,10.41
36.57,10.57
36.24,11.24
36.89,11.89
36.42,11.42
36.08,11.08
36.6,11.6
36.58,11.58
36.74,11.74
36.02,11.02
36.34,11.34
36.04,11.04
36.13,12.13
36.77,12.77
36.97,12.97
36.76,12.76
36.74,12.74
36.92,12.92
36.0,12.0
36.52,12.52
36.95,12.95
36.6,12.6
36.19,13.19
36.8,13.8
36.43,13.43
36.5,13.5
36.7,13.7
36.27,13.27
36.73,13.73
36.05,13.05
36.9,13.9
36.11,13.11
36.01,17.01
36.91,17.91
36.58,17.58
36.13,17.13
36.11,17.11
36.69,17.69
36.46,17.46
36.7,17.7
36.89,17.89
36.73,17.73
36.76,23.76
36.65,23.65
36.73,23.73
36.56,23.56
36.35,23.35
36.6,23.6
36.07,23.07
36.91,23.91
36.49,23.49
36.13,23.13
36.64,24.64
37.0,25.0
36.8,24.8
36.54,24.54
36.39,24.39
36.13,24.13
36.89,24.89
36.66,24.66
36.04,24.04
36.04,24.04
36.98,25.98
36.86,25.86
36.04,25.04
36.85,25.85
36.27,25.27
36.37,25.37
36.71,25.71
36.81,25.81
36.15,25.15
36.56,25.56
36.7,26.7
36.76,26.76
36.15,26.15
36.67,26.67
36.29,26.29
36.13,26.13
36.93,26.93
36.99,26.99
36.08,26.08
36.72,26.72
36.18,35.18
36.94,35.94
36.66,35.66
36.11,35.11
36.9,35.9
36.1,35.1
36.87,35.87
36.08,35.08
36.59,35.59
36.43,35.43
36.72,63.72
36.78,63.78
36.31,63.31
36.38,63.38
36.41,63.41
36.64,63.64
36.15,63.15
36.56,63.56
36.29,63.29
36.71,63.71
37.1,3.1
37.34,3.34
37.96,3.96
37.4,3.4
37.43,3.43
37.74,3.74
37.91,3.91
37.87,3.87
37.59,3.59
37.77,3.77
37.47,4.47
37.32,4.32
37.32,4.32
37.5,4.5
37.0,4.0
37.2,4.2
37.5,4.5
37.46,4.46
37.85,4.85
37.63,4.63
37.79,13.79
37.55,13.55
37.15,13.15
37.62,13.62
37.99,13.99
37.4,13.4
37.55,13.55
37.78,13.78
37.06,13.06
37.93,13.93
37.38,14.38
37.59,14.59
37.42,14.42
37.41,14.41
37.92,14.92
37.56,14.56
37.27,14.27
37.42,14.42
37.62,14.62
37.89,14.89
37.11,15.11
37.09,15.09
37.58,15.58
37.97,15.97
37.49,15.49
37.4,15.4
37.32,15.32
37.14,15.14
37.58,15.58
37.59,15.59
37.92,16.92
37.65,16.65
37.47,16.47
37.23,16.23
37.52,16.52
37.21,16.21
37.96,16.96
37.45,16.45
37.96,16.96
37.17,16.17
37.41,17.41
37.19,17.19
37.14,17.14
37.12,17.12
37.49,17.49
37.1,17.1
37.06,17.06
37.37,17.37
37.37,17.37
37.85,17.85
37.99,35.99
37.43,35.43
37.59,35.59
37.44,35.44
37.46,35.46
37.84,35.84
37.01,35.01
37.51,35.51
37.69,35.69
37.61,35.61
37.14,63.14
37.34,63.34
37.99,63.99
37.91,63.91
37.19,63.19
37.43,63.43
37.74,63.74
37.57,63.57
37.38,63.38
37.55,63.55
38.48,3.48
38.43,3.43
38.24,3.24
38.98,3.98
38.85,3.85
38.36,3.36
38.03,3.03
38.91,3.91
38.65,3.65
38.52,3.52
38.43,13.43
38.71,13.71
38.58,13.58
38.4,13.4
38.08,13.08
39.0,14.0
38.4,13.4
38.52,13.52
38.55,13.55
38.44,13.44
38.07,35.07
38.48,35.48
38.79,35.79
38.61,35.61
38.06,35.06
38.66,35.66
38.66,35.66
38.63,35.63
38.55,35.55
38.53,35.53
38.5,36.5
38.39,36.39
38.04,36.04
38.92,36.92
38.81,36.81
38.5,36.5
38.81,36.81
38.8,36.8
38.89,36.89
38.38,36.38
38.84,37.84
38.67,37.67
38.45,37.45
38.55,37.55
38.1,37.1
38.73,37.73
38.17,37.17
38.09,37.09
38.71,37.71
38.68,37.68
38.71,38.71
38.81,38.81
38.63,38.63
38.4,38.4
38.08,38.08
38.84,38.84
38.66,38.66
38.25,38.25
38.02,38.02
38.61,38.61
38.27,39.27
38.23,39.23
38.15,39.15
38.78,39.78
38.46,39.46
38.92,39.92
38.7,39.7
38.78,39.78
38.55,39.55
38.83,39.83
38.51,40.51
38.05,40.05
38.79,40.79
38.64,40.64
38.62,40.62
38.55,40.55
38.16,40.16
38.42,40.42
38.62,40.62
38.23,40.23
38.35,41.35
38.26,41.26
38.52,41.52
38.28,41.28
38.35,41.35
38.82,41.82
38.71,41.71
38.42,41.42
38.52,41.52
38.04,41.04
38.62,42.62
38.83,42.83
38.23,42.23
38.83,42.83
38.24,42.24
38.04,42.04
38.43,42.43
38.3,42.3
38.06,42.06
38.08,42.08
38.69,63.69
38.59,63.59
38.23,63.23
38.39,63.39
38.59,63.59
38.95,63.95
38.5,63.5
38.15,63.15
38.66,63.66
38.69,63.69
39.0,65.0
38.14,64.14
38.4,64.4
38.58,64.58
38.54,64.54
38.15,64.15
38.91,64.91
38.89,64.89
38.95,64.95
38.76,64.76
38.32,65.32
38.67,65.67
38.74,65.74
38.65,65.65
38.32,65.32
38.13,65.13
38.82,65.82
38.94,65.94
38.89,65.89
38.52,65.52
39.45,3.45
39.98,3.98
39.43,3.43
40.0,4.0
39.97,3.9699999999999998
39.84,3.84
39.77,3.77
39.41,3.41
39.62,3.62
39.51,3.51
39.11,13.11
39.07,13.07
39.15,13.15
39.87,13.87
39.08,13.08
39.94,13.94
39.21,13.21
39.35,13.35
39.03,13.03
39.62,13.62
39.39,36.39
39.28,36.28
39.1,36.1
39.54,36.54
39.37,36.37
39.61,36.61
39.89,36.89
39.06,36.06
39.12,36.12
39.24,36.24
39.19,42.19
39.53,42.53
39.77,42.77
39.86,42.86
39.55,42.55
39.42,42.42
39.26,42.26
39.15,42.15
39.02,42.02
39.92,42.92
39.54,65.54
39.55,65.55
39.35,65.35
39.07,65.07
39.17,65.17
39.44,65.44
39.6,65.6
39.37,65.37
39.85,65.85
39.27,65.27
40.65,3.65
40.07,3.07
40.78,3.7800000000000002
40.07,3.07
40.49,3.49
40.48,3.48
40.88,3.88
40.18,3.18
40.29,3.29
40.15,3.15
40.6,4.6
40.47,4.47
40.04,4.04
40.67,4.67
40.43,4.43
40.76,4.76
40.81,4.8100000000000005
40.57,4.57
40.13,4.13
40.24,4.24
40.59,5.59
40.47,5.47
40.74,5.74
40.42,5.42
40.72,5.72
40.59,5.59
40.6,5.6
41.0,6.0
40.55,5.55
40.01,5.01
40.81,6.8100000000000005
40.43,6.43
40.74,6.74
40.81,6.8100000000000005
40.01,6.01
40.44,6.44
40.12,6.12
40.53,6.53
40.46,6.46
40.3,6.3
40.64,9.64
40.88,9.88
40.45,9.45
40.97,9.97
40.22,9.22
40.48,9.48
40.7,9.7
40.1,9.1
40.31,9.31
40.0,9.0
40.3,10.3
40.84,10.84
40.72,10.72
40.41,10.41
41.0,11.0
40.62,10.62
40.73,10.73
40.07,10.07
40.14,10.14
40.77,10.77
40.82,11.82
40.65,11.65
40.7,11.7
40.26,11.26
40.54,11.54
40.51,11.51
40.98,11.98
40.51,11.51
40.24,11.24
40.19,11.19
40.54,12.54
40.62,12.62
40.05,12.05
40.23,12.23
40.92,12.92
40.47,12.47
40.04,12.04
40.85,12.85
40.21,12.21
40.54,12.54
40.94,13.94
40.93,13.93
40.86,13.86
40.48,13.48
40.52,13.52
40.3,13.3
40.14,13.14
40.13,13.13
40.19,13.19
40.43,13.43
40.99,36.99
40.84,36.84
40.36,36.36
40.05,36.05
40.09,36.09
40.34,36.34
40.75,36.75
40.45,36.45
40.62,36.62
40.01,36.01
40.35,42.35
40.21,42.21
40.82,42.82
40.23,42.23
40.18,42.18
40.23,42.23
40.4,42.4
40.03,42.03
40.0,42.0
40.3,42.3
40.64,65.64
40.2,65.2
40.33,65.33
40.81,65.81
40.97,65.97
40.94,65.94
40.26,65.26
40.3,65.3
40.14,65.14
40.59,65.59
41.77,6.77
41.18,6.18
41.19,6.19
41.49,6.49
41.17,6.17
41.25,6.25
41.92,6.92
41.21,6.21
41.46,6.46
41.08,6.08
41.95,7.95
41.44,7.44
41.46,7.46
41.86,7.86
41.33,7.33
41.82,7.82
41.89,7.89
41.1,7.1
41.01,7.01
41.75,7.75
41.74,8.74
41.12,8.12
41.98,8.98
41.96,8.96
41.74,8.74
41.4,8.4
41.33,8.33
41.87,8.87
41.32,8.32
41.83,8.83
41.1,9.1
41.79,9.79
41.69,9.69
41.21,9.21
41.43,9.43
41.66,9.66
41.07,9.07
41.0,9.0
41.36,9.36
41.2,9.2
41.53,36.53
41.22,36.22
41.88,36.88
41.46,36.46
41.38,36.38
41.3,36.3
41.64,36.64
41.93,36.93
41.16,36.16
41.76,36.76
41.23,42.23
41.45,42.45
41.92,42.92
41.84,42.84
41.14,42.14
41.84,42.84
41.29,42.29
41.56,42.56
41.75,42.75
41.41,42.41
41.97,43.97
41.06,43.06
41.2,43.2
41.56,43.56
41.58,43.58
41.66,43.66
41.45,43.45
41.56,43.56
41.09,43.09
41.76,43.76
41.11,44.11
41.16,44.16
41.46,44.46
41.35,44.35
41.87,44.87
41.29,44.29
41.93,44.93
41.17,44.17
41.68,44.68
41.63,44.63
41.29,65.29
41.53,65.53
41.67,65.67
41.03,65.03
41.45,65.45
41.87,65.87
41.04,65.04
41.39,65.39
41.86,65.86
41.74,65.74
42.41,35.41
42.19,35.19
42.43,35.43
42.49,35.49
42.46,35.46
42.0,35.0
42.81,35.81
42.73,35.73
42.58,35.58
42.78,35.78
42.68,36.68
42.82,36.82
42.5,36.5
42.64,36.64
42.16,36.16
42.72,36.72
42.03,36.03
42.35,36.35
42.19,36.19
42.99,36.99
42.37,44.37
42.67,44.67
42.46,44.46
42.97,44.97
43.0,45.0
42.93,44.93
42.55,44.55
42.99,44.99
42.52,44.52
42.54,44.54
42.04,64.04
42.72,64.72
42.55,64.55
42.05,64.05
42.84,64.84
42.16,64.16
42.54,64.54
42.04,64.04
42.47,64.47
42.8,64.8
42.9,65.9
42.99,65.99
42.71,65.71
42.4,65.4
42.21,65.21
42.54,65.54
42.36,65.36
42.78,65.78
42.82,65.82
42.24,65.24
43.68,35.68
43.65,35.65
43.97,35.97
43.36,35.36
43.38,35.38
43.8,35.8
43.63,35.63
43.88,35.88
43.46,35.46
43.45,35.45
43.03,36.03
43.45,36.45
43.29,36.29
43.21,36.21
43.97,36.97
43.08,36.08
43.36,36.36
43.06,36.06
43.1,36.1
43.04,36.04
43.08,44.08
43.59,44.59
43.11,44.11
43.63,44.63
43.45,44.45
43.19,44.19
43.0,44.0
43.57,44.57
43.62,44.62
43.27,44.27
43.75,64.75
43.31,64.31
43.25,64.25
43.51,64.51
43.05,64.05
43.25,64.25
43.69,64.69
43.69,64.69
43.2,64.2
43.0,64.0
44.48,35.48
44.72,35.72
44.76,35.76
44.77,35.77
44.33,35.33
44.18,35.18
44.8,35.8
44.8,35.8
44.73,35.73
44.51,35.51
44.27,36.27
44.39,36.39
44.16,36.16
44.67,36.67
44.9,36.9
44.33,36.33
44.33,36.33
44.48,36.48
44.28,36.28
44.57,36.57
44.84,44.84
44.97,44.97
44.43,44.43
44.85,44.85
44.57,44.57
44.53,44.53
44.69,44.69
44.54,44.54
44.26,44.26
44.13,44.13
44.14,64.14
44.37,64.37
44.22,64.22
44.47,64.47
44.22,64.22
44.0,64.0
44.87,64.87
44.93,64.93
44.13,64.13
44.59,64.59
45.73,36.73
45.96,36.96
45.9,36.9
45.82,36.82
45.09,36.09
45.13,36.13
45.73,36.73
45.24,36.24
45.25,36.25
45.05,36.05
45.97,44.97
45.89,44.89
45.44,44.44
45.5,44.5
45.61,44.61
45.94,44.94
45.98,44.98
45.63,44.63
45.55,44.55
45.99,44.99
45.72,45.72
45.13,45.13
45.41,45.41
45.5,45.5
45.1,45.1
45.55,45.55
45.08,45.08
45.55,45.55
45.76,45.76
45.9,45.9
45.75,63.75
45.6,63.6
45.54,63.54
45.98,63.98
45.67,63.67
45.05,63.05
45.34,63.34
45.53,63.53
45.01,63.01
45.75,63.75
45.7,64.7
45.4,64.4
45.63,64.63
45.63,64.63
45.78,64.78
45.75,64.75
45.49,64.49
45.87,64.87
45.54,64.54
45.5,64.5
46.45,36.45
46.52,36.52
46.87,36.87
46.39,36.39
46.94,36.94
46.17,36.17
46.6,36.6
46.91,36.91
46.52,36.52
46.84,36.84
46.36,37.36
46.04,37.04
46.09,37.09
46.34,37.34
46.43,37.43
46.43,37.43
46.97,37.97
46.5,37.5
46.31,37.31
46.6,37.6
46.37,38.37
46.53,38.53
46.17,38.17
46.42,38.42
46.21,38.21
46.73,38.73
46.48,38.48
46.68,38.68
46.79,38.79
46.26,38.26
46.97,45.97
46.64,45.64
46.33,45.33
47.0,46.0
46.63,45.63
46.2,45.2
47.0,46.0
46.76,45.76
46.92,45.92
46.73,45.73
46.31,63.31
46.81,63.81
46.38,63.38
46.74,63.74
46.17,63.17
46.89,63.89
46.52,63.52
46.32,63.32
46.91,63.91
46.91,63.91
46.07,64.07
46.67,64.67
46.73,64.73
46.91,64.91
46.31,64.31
46.59,64.59
46.73,64.73
46.45,64.45
46.65,64.65
46.48,64.48
47.39,35.39
47.06,35.06
47.96,35.96
47.4,35.4
47.54,35.54
47.38,35.38
47.2,35.2
47.97,35.97
47.18,35.18
47.46,35.46
47.38,37.38
47.25,37.25
47.99,37.99
47.86,37.86
47.56,37.56
47.67,37.67
47.79,37.79
47.98,37.98
47.25,37.25
47.11,37.11
47.18,38.18
47.44,38.44
47.79,38.79
47.49,38.49
47.78,38.78
47.88,38.88
47.05,38.05
47.09,38.09
47.79,38.79
47.71,38.71
47.07,44.07
47.02,44.02
47.71,44.71
47.54,44.54
47.31,44.31
47.72,44.72
47.9,44.9
47.7,44.7
47.07,44.07
47.01,44.01
47.65,45.65
47.21,45.21
47.79,45.79
47.2,45.2
47.91,45.91
47.46,45.46
47.84,45.84
47.28,45.28
47.14,45.14
47.93,45.93
47.96,64.96
47.31,64.31
47.0,64.0
47.04,64.04
47.8,64.8
47.05,64.05
47.07,64.07
47.85,64.85
47.12,64.12
47.04,64.04
48.53,35.53
48.27,35.27
48.3,35.3
48.03,35.03
48.97,35.97
48.55,35.55
48.69,35.69
48.46,35.46
48.14,35.14
48.43,35.43
48.68,36.68
48.66,36.66
48.71,36.71
48.73,36.73
48.26,36.26
48.46,36.46
48.7,36.7
48.55,36.55
48.13,36.13
48.19,36.19
48.61,38.61
48.47,38.47
48.51,38.51
48.72,38.72
48.58,38.58
48.24,38.24
48.55,38.55
48.91,38.91
48.57,38.57
48.63,38.63
48.6,44.6
48.02,44.02
48.99,44.99
48.66,44.66
48.65,44.65
48.27,44.27
48.9,44.9
48.81,44.81
48.67,44.67
48.78,44.78
48.05,63.05
48.96,63.96
48.76,63.76
48.02,63.02
48.95,63.95
48.56,63.56
48.5,63.5
48.34,63.34
48.17,63.17
48.92,63.92
48.09,64.09
48.84,64.84
48.83,64.83
48.46,64.46
48.99,64.99
48.38,64.38
48.0,64.0
48.19,64.19
48.98,64.98
48.66,64.66
49.83,36.83
49.48,36.48
49.43,36.43
49.04,36.04
49.9,36.9
49.95,36.95
49.47,36.47
49.31,36.31
49.39,36.39
49.37,36.37
49.05,37.05
49.14,37.14
49.76,37.76
49.22,37.22
49.48,37.48
49.03,37.03
49.41,37.41
49.61,37.61
49.53,37.53
49.89,37.89
49.38,38.38
49.04,38.04
49.91,38.91
49.68,38.68
49.29,38.29
49.06,38.06
49.11,38.11
49.38,38.38
49.67,38.67
49.17,38.17
49.69,44.69
49.8,44.8
49.93,44.93
49.83,44.83
49.07,44.07
49.45,44.45
49.26,44.26
50.0,45.0
49.67,44.67
49.47,44.47
49.46,55.46
49.17,55.17
49.35,55.35
49.96,55.96
49.18,55.18
49.71,55.71
49.23,55.23
49.1,55.1
49.97,55.97
49.09,55.09
49.8,56.8
49.37,56.37
49.86,56.86
49.66,56.66
49.4,56.4
49.09,56.09
49.22,56.22
49.94,56.94
49.08,56.08
49.6,56.6
49.11,57.11
49.04,57.04
49.24,57.24
49.27,57.27
49.72,57.72
49.25,57.25
49.72,57.72
49.27,57.27
49.0,57.0
49.2,57.2
49.14,58.14
49.94,58.94
49.2,58.2
49.08,58.08
49.97,58.97
49.93,58.93
49.56,58.56
49.92,58.92
49.47,58.47
49.82,58.82
49.0,59.0
49.17,59.17
49.23,59.23
49.79,59.79
49.1,59.1
49.38,59.38
49.56,59.56
49.41,59.41
49.01,59.01
49.77,59.77
49.46,63.46
49.58,63.58
49.37,63.37
49.76,63.76
49.64,63.64
49.07,63.07
49.84,63.84
49.55,63.55
49.93,63.93
49.52,63.52
50.76,36.76
50.68,36.68
50.14,36.14
50.04,36.04
50.12,36.12
50.32,36.32
50.99,36.99
50.99,36.99
50.32,36.32
50.6,36.6
50.28,44.28
50.5,44.5
50.78,44.78
50.73,44.73
50.44,44.44
50.58,44.58
50.83,44.83
50.29,44.29
50.24,44.24
50.98,44.98
50.99,49.99
50.6,49.6
50.78,49.78
50.18,49.18
50.43,49.43
50.17,49.17
50.48,49.48
50.29,49.29
50.73,49.73
50.08,49.08
50.34,50.34
50.3,50.3
50.68,50.68
50.62,50.62
50.2,50.2
50.39,50.39
50.38,50.38
50.46,50.46
50.05,50.05
50.3,50.3
50.32,51.32
50.79,51.79
50.0,51.0
50.81,51.81
50.95,51.95
50.21,51.21
50.37,51.37
50.73,51.73
50.12,51.12
50.11,51.11
50.38,53.38
50.72,53.72
50.53,53.53
50.09,53.09
50.94,53.94
50.24,53.24
50.18,53.18
50.99,53.99
50.4,53.4
50.39,53.39
50.97,54.97
50.14,54.14
50.97,54.97
50.82,54.82
50.12,54.12
50.76,54.76
50.71,54.71
50.13,54.13
50.82,54.82
50.48,54.48
50.38,55.38
50.83,55.83
50.25,55.25
50.84,55.84
50.88,55.88
50.67,55.67
50.84,55.84
50.18,55.18
50.74,55.74
50.0,55.0
50.77,59.77
50.92,59.92
50.09,59.09
50.06,59.06
50.74,59.74
50.23,59.23
50.26,59.26
50.32,59.32
50.51,59.51
50.54,59.54
50.87,60.87
50.43,60.43
50.45,60.45
50.95,60.95
50.93,60.93
50.88,60.88
50.64,60.64
50.38,60.38
50.29,60.29
50.49,60.49
50.82,63.82
50.93,63.93
50.0,63.0
50.68,63.68
50.27,63.27
50.39,63.39
50.37,63.37
50.36,63.36
50.61,63.61
50.06,63.06
51.9,36.9
51.94,36.94
51.37,36.37
51.72,36.72
51.5,36.5
51.72,36.72
51.41,36.41
51.06,36.06
51.0,36.0
51.87,36.87
51.87,44.87
51.12,44.12
51.07,44.07
51.76,44.76
51.4,44.4
51.37,44.37
51.14,44.14
51.92,44.92
51.52,44.52
51.08,44.08
51.61,45.61
51.39,45.39
51.64,45.64
51.53,45.53
51.7,45.7
51.92,45.92
51.52,45.52
51.61,45.61
52.0,46.0
51.45,45.45
51.66,46.66
51.12,46.12
51.46,46.46
51.02,46.02
51.09,46.09
51.32,46.32
51.53,46.53
51.36,46.36
51.77,46.77
51.78,46.78
51.91,47.91
51.48,47.48
51.29,47.29
51.54,47.54
51.8,47.8
51.99,47.99
51.97,47.97
51.26,47.26
51.86,47.86
51.29,47.29
51.29,48.29
51.71,48.71
51.59,48.59
51.32,48.32
51.3,48.3
51.39,48.39
51.19,48.19
51.6,48.6
51.2,48.2
51.64,48.64
51.05,49.05
51.83,49.83
51.44,49.44
51.41,49.41
51.05,49.05
51.19,49.19
51.83,49.83
51.69,49.69
51.08,49.08
52.0,50.0
51.33,51.33
51.16,51.16
51.5,51.5
51.16,51.16
51.88,51.88
51.06,51.06
51.83,51.83
51.11,51.11
51.66,51.66
51.85,51.85
51.28,52.28
51.36,52.36
51.52,52.52
51.4,52.4
51.0,52.0
51.93,52.93
51.55,52.55
51.46,52.46
51.13,52.13
51.93,52.93
51.57,53.57
51.1,53.1
51.15,53.15
51.47,53.47
51.38,53.38
51.24,53.24
51.87,53.87
51.6,53.6
51.17,53.17
51.27,53.27
51.52,60.52
51.52,60.52
51.08,60.08
51.85,60.85
51.45,60.45
51.75,60.75
51.16,60.16
51.38,60.38
51.06,60.06
51.33,60.33
51.97,61.97
51.66,61.66
51.85,61.85
51.79,61.79
51.48,61.48
51.86,61.86
51.24,61.24
51.96,61.96
51.08,61.08
51.91,61.91
51.18,62.18
51.83,62.83
51.11,62.11
51.07,62.07
51.73,62.73
51.53,62.53
51.3,62.3
51.61,62.61
51.23,62.23
51.34,62.34
51.12,63.12
51.47,63.47
51.47,63.47
51.53,63.53
51.86,63.86
51.46,63.46
51.96,63.96
51.62,63.62
51.17,63.17
51.62,63.62
52.93,36.93
52.5,36.5
52.27,36.27
52.67,36.67
52.3,36.3
52.04,36.04
52.06,36.06
52.29,36.29
52.75,36.75
52.22,36.22
53.15,36.15
53.58,36.58
53.29,36.29
53.5,36.5
53.64,36.64
53.8,36.8
53.01,36.01
53.0,36.0
53.91,36.91
53.54,36.54
54.76,36.76
54.4,36.4
54.0,36.0
54.12,36.12
54.34,36.34
54.43,36.43
54.66,36.66
54.58,36.58
54.29,36.29
54.98,36.98
55.39,36.39
55.29,36.29
55.62,36.62
55.76,36.76
55.82,36.82
55.87,36.87
55.95,36.95
55.78,36.78
55.45,36.45
55.67,36.67
