1.78,26.78
1.58,26.58
1.6,26.6
1.9,26.9
1.26,26.26
1.28,26.28
1.02,26.02
1.6099999999999999,26.61
1.46,26.46
1.78,26.78
1.28,27.28
1.19,27.19
1.8199999999999998,27.82
1.72,27.72
1.04,27.04
1.22,27.22
1.15,27.15
1.83,27.83
1.7,27.7
1.54,27.54
1.8,28.8
1.8399999999999999,28.84
1.56,28.56
1.62,28.62
1.55,28.55
1.26,28.26
1.5899999999999999,28.59
1.81,28.81
1.78,28.78
1.98,28.98
1.69,29.69
1.63,29.63
1.1400000000000001,29.14
1.03,29.03
1.2,29.2
1.62,29.62
1.34,29.34
1.46,29.46
1.69,29.69
1.29,29.29
2.0,31.0
1.54,30.54
1.8599999999999999,30.86
1.23,30.23
1.97,30.97
2.0,31.0
1.92,30.92
1.92,30.92
1.32,30.32
1.44,30.44
2.9,6.9
2.69,6.6899999999999995
2.86,6.86
2.65,6.65
2.56,6.5600000000000005
2.84,6.84
2.75,6.75
2.06,6.06
2.15,6.15
2.24,6.24
2.22,7.22
2.91,7.91
2.69,7.6899999999999995
2.74,7.74
2.46,7.46
2.24,7.24
2.49,7.49
2.4,7.4
2.63,7.63
2.66,7.66
2.81,8.81
2.1,8.1
2.16,8.16
2.63,8.63
2.71,8.71
2.68,8.68
2.7,8.7
2.98,8.98
2.7,8.7
2.41,8.41
2.87,9.87
2.25,9.25
2.3,9.3
2.76,9.76
2.44,9.44
2.21,9.21
2.03,9.03
2.37,9.37
2.07,9.07
2.4,9.4
2.63,11.63
2.37,11.37
2.82,11.82
2.7800000000000002,11.78
2.89,11.89
2.34,11.34
2.43,11.43
2.5,11.5
2.66,11.66
2.9699999999999998,11.97
2.8,12.8
2.06,12.06
2.51,12.51
2.88,12.88
2.59,12.59
2.16,12.16
2.52,12.52
2.87,12.87
2.29,12.29
2.36,12.36
2.79,13.79
2.19,13.19
2.3,13.3
2.4699999999999998,13.47
2.59,13.59
2.04,13.04
2.6,13.6
2.9699999999999998,13.97
2.95,13.95
2.62,13.62
2.08,14.08
2.24,14.24
2.67,14.67
2.36,14.36
2.18,14.18
2.44,14.44
2.16,14.16
2.2800000000000002,14.28
2.4699999999999998,14.47
2.84,14.84
2.27,22.27
2.94,22.94
2.02,22.02
2.52,22.52
2.54,22.54
2.56,22.56
2.09,22.09
2.61,22.61
2.46,22.46
2.94,22.94
2.68,23.68
2.3,23.3
2.33,23.33
2.57,23.57
2.21,23.21
2.03,23.03
2.26,23.26
2.92,23.92
2.76,23.76
2.39,23.39
2.51,24.51
2.17,24.17
2.4,24.4
2.83,24.83
2.95,24.95
2.22,24.22
2.09,24.09
2.57,24.57
2.92,24.92
2.52,24.52
2.64,25.64
2.39,25.39
2.26,25.26
2.35,25.35
2.5,25.5
2.88,25.88
2.67,25.67
2.98,25.98
2.93,25.93
2.01,25.01
2.87,26.87
2.33,26.33
2.9699999999999998,26.97
2.11,26.11
2.29,26.29
2.11,26.11
2.26,26.26
2.22,26.22
2.35,26.35
2.55,26.55
2.06,30.06
2.5300000000000002,30.53
2.07,30.07
2.9699999999999998,30.97
2.9,30.9
2.44,30.44
2.99,30.99
2.89,30.89
2.7800000000000002,30.78
2.69,30.69
2.56,31.56
2.48,31.48
2.59,31.59
2.5300000000000002,31.53
2.68,31.68
2.18,31.18
2.14,31.14
2.9,31.9
2.92,31.92
2.19,31.19
2.21,32.21
2.04,32.04
2.98,32.98
2.06,32.06
2.14,32.14
2.08,32.08
2.06,32.06
2.48,32.48
2.65,32.65
2.14,32.14
3.84,2.84
3.0,2.0
3.31,2.31
3.59,2.59
3.84,2.84
3.08,2.08
3.36,2.36
3.04,2.04
3.32,2.32
3.89,2.89
3.86,3.86
3.94,3.94
3.37,3.37
3.62,3.62
3.6,3.6
3.11,3.11
3.36,3.36
3.27,3.27
3.09,3.09
3.2800000000000002,3.2800000000000002
3.86,4.86
3.51,4.51
3.14,4.14
3.7199999999999998,4.72
3.11,4.11
3.33,4.33
3.92,4.92
3.7,4.7
3.33,4.33
3.07,4.07
3.66,5.66
3.11,5.11
3.83,5.83
3.32,5.32
3.44,5.44
3.34,5.34
3.45,5.45
3.71,5.71
3.2,5.2
3.98,5.98
3.45,5.45
3.94,5.9399999999999995
3.08,5.08
3.54,5.54
3.9699999999999998,5.97
3.49,5.49
3.84,5.84
3.45,5.45
3.63,5.63
3.7800000000000002,5.78
3.11,6.11
3.23,6.23
3.37,6.37
3.9,6.9
3.08,6.08
3.13,6.13
3.95,6.95
3.9,6.9
3.62,6.62
3.75,6.75
3.61,9.61
3.06,9.06
3.35,9.35
3.14,9.14
3.7199999999999998,9.72
3.19,9.19
3.34,9.34
3.1,9.1
3.55,9.55
3.7800000000000002,9.78
3.6,10.6
3.85,10.85
3.64,10.64
3.24,10.24
3.08,10.08
3.32,10.32
3.44,10.44
3.69,10.69
3.17,10.17
3.07,10.07
3.88,11.88
3.91,11.91
3.14,11.14
3.38,11.38
3.94,11.94
3.88,11.88
3.7800000000000002,11.78
3.76,11.76
3.9,11.9
3.7,11.7
3.34,14.34
3.43,14.43
3.58,14.58
3.62,14.62
3.0,14.0
3.99,14.99
3.57,14.57
3.81,14.81
3.86,14.86
3.37,14.37
3.05,15.05
3.01,15.01
3.98,15.98
3.19,15.19
3.56,15.56
3.35,15.35
3.8,15.8
3.57,15.57
3.9,15.9
3.9699999999999998,15.97
3.16,16.16
3.26,16.26
3.94,16.94
3.55,16.55
4.0,17.0
3.8,16.8
3.61,16.61
3.63,16.63
3.02,16.02
3.16,16.16
3.26,32.26
3.7800000000000002,32.78
3.79,32.79
3.35,32.35
3.74,32.74
3.81,32.81
3.74,32.74
3.36,32.36
3.01,32.01
3.12,32.12
3.73,33.73
3.2800000000000002,33.28
3.12,33.12
3.7199999999999998,33.72
3.3,33.3
3.02,33.02
3.88,33.88
3.34,33.34
3.36,33.36
3.24,33.24
4.9,2.9
4.86,2.86
4.9,2.9
4.67,2.67
4.6,2.6
4.52,2.52
4.62,2.62
4.51,2.51
4.5,2.5
4.84,2.84
4.91,16.91
4.82,16.82
4.21,16.21
4.58,16.58
5.0,17.0
4.55,16.55
4.26,16.26
5.0,17.0
4.43,16.43
4.0,16.0
4.06,17.06
4.12,17.12
4.55,17.55
4.6899999999999995,17.69
4.19,17.19
4.61,17.61
4.71,17.71
4.37,17.37
4.2,17.2
4.98,17.98
4.68,21.68
4.28,21.28
4.96,21.96
4.61,21.61
4.09,21.09
4.38,21.38
4.28,21.28
4.7,21.7
4.82,21.82
4.13,21.13
4.09,22.09
4.4,22.4
4.11,22.11
4.62,22.62
4.37,22.37
4.95,22.95
4.12,22.12
4.04,22.04
4.17,22.17
4.74,22.74
4.62,33.62
4.28,33.28
4.88,33.88
4.44,33.44
4.17,33.17
4.83,33.83
4.38,33.38
4.43,33.43
4.62,33.62
4.79,33.79
4.72,54.72
4.47,54.47
4.01,54.01
4.59,54.59
4.72,54.72
4.42,54.42
4.62,54.62
4.68,54.68
4.8100000000000005,54.81
4.78,54.78
4.52,55.52
4.45,55.45
4.6,55.6
4.61,55.61
4.11,55.11
4.39,55.39
4.03,55.03
4.9399999999999995,55.94
4.11,55.11
4.14,55.14
4.35,56.35
4.29,56.29
4.02,56.02
4.92,56.92
4.25,56.25
4.17,56.17
4.47,56.47
4.84,56.84
4.58,56.58
4.26,56.26
4.52,57.52
4.54,57.54
4.88,57.88
4.23,57.23
4.67,57.67
4.32,57.32
4.07,57.07
4.77,57.77
4.67,57.67
4.72,57.72
5.7,17.7
5.54,17.54
5.21,17.21
5.97,17.97
5.8100000000000005,17.81
5.82,17.82
5.51,17.51
5.95,17.95
5.71,17.71
5.47,17.47
5.1,20.1
5.84,20.84
5.2,20.2
5.74,20.74
5.59,20.59
5.95,20.95
5.97,20.97
5.31,20.31
6.0,21.0
5.96,20.96
5.92,21.92
5.55,21.55
5.86,21.86
5.03,21.03
5.36,21.36
5.55,21.55
5.71,21.71
5.99,21.99
5.32,21.32
5.11,21.11
5.33,33.33
5.1,33.1
5.99,33.99
5.22,33.22
5.53,33.53
5.83,33.83
5.77,33.77
5.24,33.24
5.12,33.12
5.3,33.3
5.76,54.76
5.65,54.65
5.63,54.63
5.6899999999999995,54.69
5.8,54.8
5.45,54.45
5.24,54.24
5.5,54.5
5.32,54.32
5.17,54.17
6.92,2.92
6.17,2.17
6.65,2.65
6.25,2.25
6.96,2.96
6.27,2.27
6.83,2.83
6.25,2.25
6.79,2.79
6.16,2.16
7.0,4.0
6.52,3.52
6.18,3.18
6.08,3.08
6.38,3.38
6.19,3.19
6.01,3.01
6.73,3.73
6.18,3.18
6.25,3.25
6.7,16.7
6.2,16.2
6.18,16.18
6.13,16.13
6.68,16.68
6.54,16.54
6.1,16.1
6.7,16.7
6.58,16.58
6.14,16.14
6.92,17.92
6.83,17.83
6.84,17.84
6.55,17.55
6.6899999999999995,17.69
6.32,17.32
6.79,17.79
6.5600000000000005,17.56
6.59,17.59
6.37,17.37
6.19,20.19
6.65,20.65
6.98,20.98
6.76,20.76
6.6,20.6
6.7,20.7
6.37,20.37
6.84,20.84
6.8,20.8
6.79,20.79
6.68,33.68
6.5,33.5
6.62,33.62
6.8,33.8
6.21,33.21
6.18,33.18
6.87,33.87
6.86,33.86
6.25,33.25
6.65,33.65
6.43,34.43
6.63,34.63
6.42,34.42
6.5600000000000005,34.56
6.93,34.93
6.42,34.42
6.19,34.19
6.34,34.34
6.96,34.96
6.62,34.62
6.4,54.4
6.29,54.29
6.49,54.49
6.5600000000000005,54.56
6.36,54.36
6.68,54.68
6.68,54.68
6.78,54.78
6.71,54.71
6.12,54.12
6.01,58.01
6.76,58.76
6.73,58.73
6.52,58.52
6.59,58.59
6.91,58.91
6.87,58.87
6.18,58.18
6.0,58.0
6.07,58.07
6.24,59.24
6.92,59.92
6.8,59.8
6.62,59.62
6.33,59.33
6.97,59.97
6.61,59.61
6.82,59.82
6.24,59.24
6.41,59.41
6.31,60.31
6.84,60.84
6.47,60.47
6.11,60.11
6.03,60.03
6.55,60.55
6.86,60.86
6.34,60.34
6.96,60.96
6.0,60.0
7.8,3.8
7.32,3.32
7.79,3.79
7.24,3.24
7.26,3.26
7.45,3.45
7.33,3.33
7.87,3.87
7.76,3.76
7.44,3.44
7.9399999999999995,16.94
7.18,16.18
7.09,16.09
7.42,16.42
7.68,16.68
7.87,16.87
7.32,16.32
7.75,16.75
7.19,16.19
7.83,16.83
7.48,34.48
7.99,34.99
7.08,34.08
7.73,34.73
7.67,34.67
7.0,34.0
7.7,34.7
7.36,34.36
7.02,34.02
7.1,34.1
7.8,34.8
7.77,34.77
7.83,34.83
7.04,34.04
7.04,34.04
7.26,34.26
7.12,34.12
7.6,34.6
7.23,34.23
7.55,34.55
7.5600000000000005,46.56
7.76,46.76
7.7,46.7
7.6,46.6
7.34,46.34
7.47,46.47
7.51,46.51
7.19,46.19
7.04,46.04
7.84,46.84
7.05,48.05
7.21,48.21
7.85,48.85
7.23,48.23
7.96,48.96
7.74,48.74
7.5600000000000005,48.56
7.79,48.79
7.13,48.13
7.78,48.78
7.66,51.66
7.47,51.47
7.46,51.46
7.71,51.71
7.72,51.72
7.8100000000000005,51.81
7.54,51.54
7.05,51.05
7.89,51.89
7.17,51.17
7.39,52.39
7.92,52.92
7.03,52.03
7.66,52.66
7.62,52.62
7.6899999999999995,52.69
7.37,52.37
7.86,52.86
7.25,52.25
7.4,52.4
7.28,53.28
7.5,53.5
7.49,53.49
7.2,53.2
7.6899999999999995,53.69
7.24,53.24
7.02,53.02
7.33,53.33
7.99,53.99
7.65,53.65
7.61,54.61
7.13,54.13
7.99,54.99
7.9,54.9
7.82,54.82
7.48,54.48
7.57,54.57
7.28,54.28
7.28,54.28
7.66,54.66
7.97,60.97
7.44,60.44
7.84,60.84
7.61,60.61
7.0,60.0
7.44,60.44
7.75,60.75
7.21,60.21
7.06,60.06
7.47,60.47
8.39,2.39
8.34,2.34
8.6,2.6
8.83,2.83
8.8,2.8
8.65,2.65
8.52,2.52
8.95,2.95
8.32,2.32
8.78,2.7800000000000002
8.11,3.11
8.9,3.9
8.39,3.39
8.83,3.83
8.78,3.7800000000000002
8.68,3.68
8.23,3.23
8.49,3.49
8.26,3.26
8.0,3.0
8.66,16.66
8.74,16.74
8.99,16.99
8.13,16.13
8.26,16.26
8.88,16.88
8.22,16.22
8.77,16.77
8.2,16.2
8.42,16.42
8.62,20.62
8.63,20.63
8.91,20.91
8.46,20.46
8.85,20.85
8.86,20.86
8.53,20.53
8.94,20.94
8.93,20.93
8.45,20.45
8.64,21.64
8.49,21.49
8.07,21.07
8.62,21.62
8.66,21.66
8.83,21.83
8.18,21.18
8.49,21.49
8.34,21.34
8.84,21.84
8.84,33.84
8.14,33.14
8.83,33.83
8.1,33.1
8.1,33.1
8.19,33.19
8.59,33.59
8.59,33.59
8.29,33.29
8.84,33.84
8.61,34.61
8.02,34.02
8.43,34.43
8.23,34.23
8.83,34.83
8.21,34.21
8.02,34.02
8.01,34.01
8.15,34.15
8.29,34.29
8.01,46.01
8.34,46.34
8.47,46.47
8.73,46.73
8.77,46.77
8.72,46.72
8.33,46.33
8.89,46.89
8.13,46.13
8.99,46.99
8.25,48.25
8.91,48.91
8.38,48.38
8.03,48.03
8.5,48.5
8.87,48.87
8.69,48.69
8.15,48.15
8.26,48.26
8.68,48.68
8.02,49.02
8.4,49.4
8.95,49.95
8.24,49.24
8.33,49.33
8.3,49.3
8.13,49.13
8.38,49.38
8.89,49.89
8.31,49.31
8.5,50.5
8.54,50.54
8.12,50.12
8.93,50.93
8.32,50.32
8.25,50.25
8.45,50.45
8.8,50.8
8.08,50.08
8.84,50.84
8.24,51.24
8.37,51.37
8.77,51.77
8.18,51.18
8.68,51.68
8.82,51.82
8.45,51.45
8.29,51.29
8.52,51.52
8.54,51.54
8.18,60.18
8.2,60.2
8.24,60.24
8.68,60.68
8.98,60.98
8.99,60.99
8.64,60.64
8.7,60.7
8.14,60.14
8.76,60.76
8.2,61.2
8.44,61.44
8.97,61.97
8.53,61.53
8.0,61.0
8.93,61.93
8.85,61.85
8.66,61.66
8.96,61.96
8.47,61.47
8.28,62.28
8.88,62.88
8.5,62.5
8.74,62.74
8.33,62.33
8.39,62.39
8.11,62.11
8.12,62.12
8.56,62.56
8.26,62.26
9.36,2.36
9.2,2.2
9.29,2.29
9.59,2.59
9.36,2.36
9.48,2.48
9.36,2.36
9.15,2.15
9.26,2.26
9.2,2.2
9.01,17.01
9.24,17.24
9.57,17.57
9.97,17.97
9.07,17.07
9.1,17.1
9.57,17.57
9.88,17.88
9.91,17.91
9.57,17.57
9.66,21.66
9.51,21.51
9.75,21.75
9.6,21.6
9.83,21.83
9.01,21.01
9.26,21.26
9.49,21.49
9.54,21.54
9.9,21.9
9.38,26.38
9.47,26.47
9.13,26.13
9.02,26.02
9.49,26.49
9.83,26.83
9.35,26.35
9.87,26.87
9.68,26.68
9.07,26.07
9.92,27.92
9.8,27.8
9.36,27.36
9.16,27.16
9.75,27.75
9.41,27.41
9.9,27.9
9.28,27.28
9.22,27.22
9.65,27.65
9.84,28.84
9.68,28.68
9.74,28.74
9.74,28.74
9.47,28.47
9.61,28.61
9.13,28.13
9.01,28.01
9.76,28.76
9.65,28.65
9.18,46.18
9.92,46.92
9.19,46.19
9.86,46.86
9.69,46.69
9.55,46.55
9.19,46.19
9.48,46.48
9.9,46.9
9.38,46.38
9.5,62.5
9.99,62.99
9.38,62.38
9.92,62.92
9.29,62.29
9.75,62.75
9.59,62.59
9.84,62.84
9.17,62.17
9.73,62.73
9.29,63.29
9.23,63.23
9.42,63.42
9.47,63.47
9.16,63.16
9.78,63.78
9.18,63.18
9.06,63.06
9.52,63.52
9.08,63.08
10.93,2.93
10.47,2.4699999999999998
10.8,2.8
10.79,2.79
10.91,2.91
10.44,2.44
10.9,2.9
10.97,2.9699999999999998
10.88,2.88
10.63,2.63
10.24,17.24
10.41,17.41
10.96,17.96
10.39,17.39
10.17,17.17
10.66,17.66
10.59,17.59
10.17,17.17
10.88,17.88
10.24,17.24
10.85,21.85
10.83,21.83
10.83,21.83
10.84,21.84
10.86,21.86
10.57,21.57
10.68,21.68
10.86,21.86
10.09,21.09
10.32,21.32
10.65,26.65
10.24,26.24
10.8,26.8
10.48,26.48
10.14,26.14
10.0,26.0
10.51,26.51
10.11,26.11
10.7,26.7
10.74,26.74
10.67,28.67
10.35,28.35
10.52,28.52
10.96,28.96
10.8,28.8
10.85,28.85
10.37,28.37
10.27,28.27
10.35,28.35
10.34,28.34
10.98,33.98
10.49,33.49
10.76,33.76
10.18,33.18
10.07,33.07
10.73,33.73
10.91,33.91
10.77,33.77
10.83,33.83
10.13,33.13
10.61,43.61
10.86,43.86
10.65,43.65
10.87,43.87
10.04,43.04
10.57,43.57
10.53,43.53
10.05,43.05
10.62,43.62
10.08,43.08
10.08,44.08
10.56,44.56
10.11,44.11
10.47,44.47
10.16,44.16
10.31,44.31
10.88,44.88
10.13,44.13
10.07,44.07
10.19,44.19
10.33,45.33
10.69,45.69
10.83,45.83
10.04,45.04
11.0,46.0
10.27,45.27
10.04,45.04
10.45,45.45
10.73,45.73
10.63,45.63
10.27,46.27
10.13,46.13
10.55,46.55
10.98,46.98
10.8,46.8
10.83,46.83
10.12,46.12
10.32,46.32
10.81,46.81
10.04,46.04
10.95,63.95
10.68,63.68
10.38,63.38
10.57,63.57
10.48,63.48
10.09,63.09
10.43,63.43
10.94,63.94
10.13,63.13
10.29,63.29
11.4,2.4
11.41,2.41
11.84,2.84
11.28,2.2800000000000002
11.75,2.75
11.9,2.9
11.12,2.12
11.76,2.76
11.06,2.06
11.21,2.21
11.72,17.72
11.11,17.11
11.59,17.59
11.64,17.64
11.85,17.85
11.87,17.87
11.04,17.04
11.63,17.63
11.04,17.04
11.64,17.64
11.57,22.57
11.31,22.31
11.2,22.2
11.13,22.13
11.86,22.86
12.0,23.0
11.48,22.48
11.84,22.84
11.0,22.0
11.31,22.31
11.39,23.39
11.8,23.8
11.47,23.47
11.45,23.45
11.67,23.67
11.31,23.31
11.51,23.51
11.0,23.0
11.4,23.4
11.57,23.57
11.39,26.39
11.84,26.84
11.62,26.62
11.81,26.81
11.23,26.23
11.04,26.04
11.64,26.64
11.68,26.68
11.48,26.48
11.59,26.59
11.87,28.87
11.96,28.96
11.17,28.17
11.86,28.86
11.97,28.97
11.65,28.65
11.54,28.54
11.27,28.27
11.52,28.52
11.83,28.83
11.75,29.75
11.14,29.14
11.88,29.88
11.02,29.02
11.83,29.83
11.57,29.57
11.82,29.82
11.25,29.25
11.95,29.95
11.54,29.54
11.15,30.15
11.77,30.77
11.58,30.58
11.95,30.95
11.07,30.07
11.52,30.52
11.08,30.08
11.21,30.21
11.39,30.39
11.95,30.95
11.38,31.38
11.62,31.62
11.55,31.55
11.07,31.07
11.77,31.77
11.45,31.45
11.53,31.53
11.24,31.24
11.76,31.76
11.37,31.37
11.14,32.14
11.98,32.98
11.5,32.5
12.0,33.0
11.32,32.32
11.08,32.08
11.67,32.67
11.32,32.32
11.38,32.38
11.36,32.36
11.48,33.48
11.99,33.99
11.56,33.56
11.08,33.08
11.77,33.77
11.75,33.75
11.92,33.92
11.75,33.75
11.43,33.43
11.34,33.34
11.03,43.03
11.44,43.44
11.4,43.4
11.87,43.87
11.52,43.52
11.86,43.86
11.04,43.04
11.97,43.97
11.46,43.46
11.4,43.4
11.9,62.9
11.91,62.91
11.17,62.17
11.16,62.16
11.74,62.74
11.96,62.96
11.09,62.09
11.49,62.49
11.74,62.74
11.61,62.61
11.82,63.82
11.56,63.56
11.51,63.51
11.09,63.09
11.16,63.16
11.63,63.63
11.19,63.19
11.7,63.7
11.9,63.9
11.9,63.9
12.54,3.54
12.84,3.84
12.22,3.22
12.32,3.32
12.35,3.35
12.52,3.52
12.56,3.56
12.27,3.27
12.18,3.18
13.0,4.0
12.55,16.55
12.94,16.94
12.8,16.8
12.66,16.66
12.84,16.84
12.28,16.28
12.51,16.51
12.67,16.67
12.2,16.2
12.89,16.89
12.36,17.36
12.81,17.81
12.02,17.02
12.28,17.28
12.4,17.4
12.99,17.99
12.86,17.86
12.17,17.17
12.52,17.52
12.03,17.03
12.35,24.35
12.71,24.71
12.04,24.04
12.05,24.05
12.6,24.6
12.76,24.76
12.6,24.6
12.83,24.83
12.13,24.13
12.36,24.36
12.86,25.86
12.92,25.92
12.66,25.66
12.65,25.65
12.45,25.45
12.41,25.41
12.22,25.22
12.78,25.78
12.0,25.0
12.42,25.42
12.75,26.75
12.04,26.04
12.85,26.85
12.04,26.04
12.54,26.54
12.66,26.66
12.0,26.0
12.06,26.06
12.62,26.62
12.46,26.46
12.09,43.09
12.24,43.24
12.54,43.54
12.77,43.77
12.2,43.2
12.06,43.06
12.11,43.11
12.43,43.43
12.91,43.91
12.95,43.95
13.97,2.9699999999999998
13.36,2.36
13.2,2.2
13.48,2.48
13.64,2.64
13.15,2.15
13.02,2.02
13.78,2.7800000000000002
13.36,2.36
13.59,2.59
13.03,3.03
13.27,3.27
13.46,3.46
13.02,3.02
13.36,3.36
13.18,3.18
13.18,3.18
13.84,3.84
13.47,3.4699999999999998
13.52,3.52
13.61,16.61
13.24,16.24
13.39,16.39
13.11,16.11
13.0,16.0
13.83,16.83
13.67,16.67
13.07,16.07
13.37,16.37
13.91,16.91
13.17,25.17
13.03,25.03
13.78,25.78
13.25,25.25
13.04,25.04
13.31,25.31
13.29,25.29
13.84,25.84
13.07,25.07
13.91,25.91
13.7,43.7
13.09,43.09
13.14,43.14
13.23,43.23
13.8,43.8
13.82,43.82
13.54,43.54
13.68,43.68
13.44,43.44
13.46,43.46
13.12,62.12
13.25,62.25
13.14,62.14
13.04,62.04
13.65,62.65
13.62,62.62
13.79,62.79
13.29,62.29
13.41,62.41
13.04,62.04
13.8,63.8
13.89,63.89
13.93,63.93
13.13,63.13
13.93,63.93
13.09,63.09
13.55,63.55
13.36,63.36
13.28,63.28
13.03,63.03
14.17,2.17
14.37,2.37
14.43,2.43
14.79,2.79
14.96,2.96
14.48,2.48
14.41,2.41
14.09,2.09
14.42,2.42
14.76,2.76
14.71,16.71
14.34,16.34
14.13,16.13
14.33,16.33
14.31,16.31
14.79,16.79
14.09,16.09
14.8,16.8
14.27,16.27
14.18,16.18
14.6,17.6
14.38,17.38
14.05,17.05
15.0,18.0
14.38,17.38
14.61,17.61
14.86,17.86
14.07,17.07
14.04,17.04
14.24,17.24
14.4,25.4
15.0,26.0
14.39,25.39
14.47,25.47
14.66,25.66
14.36,25.36
14.45,25.45
14.98,25.98
14.17,25.17
14.02,25.02
14.62,43.62
14.5,43.5
14.88,43.88
14.01,43.01
14.53,43.53
14.27,43.27
14.09,43.09
14.61,43.61
14.26,43.26
14.75,43.75
14.12,63.12
14.84,63.84
14.52,63.52
14.5,63.5
14.23,63.23
14.09,63.09
14.28,63.28
14.85,63.85
14.5,63.5
14.72,63.72
15.94,3.94
15.18,3.18
15.87,3.87
15.32,3.32
15.12,3.12
15.76,3.76
15.02,3.02
15.54,3.54
15.26,3.26
15.42,3.42
15.91,4.91
15.64,4.64
15.1,4.1
15.88,4.88
15.15,4.15
15.73,4.73
15.63,4.63
15.21,4.21
15.89,4.89
15.34,4.34
15.05,15.05
15.32,15.32
15.37,15.37
15.19,15.19
15.47,15.47
15.42,15.42
15.47,15.47
15.1,15.1
15.58,15.58
15.98,15.98
15.75,16.75
15.81,16.81
15.53,16.53
15.91,16.91
15.64,16.64
15.95,16.95
15.52,16.52
15.31,16.31
15.16,16.16
15.9,16.9
15.78,17.78
15.63,17.63
15.71,17.71
15.9,17.9
15.84,17.84
15.11,17.11
15.19,17.19
15.37,17.37
15.17,17.17
15.18,17.18
15.42,25.42
15.19,25.19
15.77,25.77
15.6,25.6
15.14,25.14
15.44,25.44
15.11,25.11
15.6,25.6
15.22,25.22
15.77,25.77
15.34,43.34
15.63,43.63
15.25,43.25
15.45,43.45
15.88,43.88
15.0,43.0
15.0,43.0
15.93,43.93
15.25,43.25
15.51,43.51
15.36,44.36
15.44,44.44
15.28,44.28
15.95,44.95
15.23,44.23
15.92,44.92
15.41,44.41
15.88,44.88
15.48,44.48
15.18,44.18
15.53,45.53
15.23,45.23
15.12,45.12
15.32,45.32
15.52,45.52
15.32,45.32
15.5,45.5
15.57,45.57
15.37,45.37
15.48,45.48
15.94,46.94
15.18,46.18
15.73,46.73
15.81,46.81
15.3,46.3
15.83,46.83
15.23,46.23
15.79,46.79
15.58,46.58
15.71,46.71
15.81,47.81
15.72,47.72
15.93,47.93
15.61,47.61
15.67,47.67
15.98,47.98
16.0,48.0
15.28,47.28
15.46,47.46
15.52,47.52
15.72,49.72
15.71,49.71
15.34,49.34
15.44,49.44
15.33,49.33
15.68,49.68
15.77,49.77
15.91,49.91
15.02,49.02
15.62,49.62
15.81,50.81
15.83,50.83
15.47,50.47
15.32,50.32
15.86,50.86
15.91,50.91
15.34,50.34
15.83,50.83
15.85,50.85
15.74,50.74
15.68,63.68
15.89,63.89
15.83,63.83
15.93,63.93
15.14,63.14
15.24,63.24
15.74,63.74
15.48,63.48
15.22,63.22
15.52,63.52
16.2,5.2
16.54,5.54
16.04,5.04
16.48,5.48
16.48,5.48
16.06,5.06
16.71,5.71
16.44,5.44
16.46,5.46
16.66,5.66
16.15,7.15
16.18,7.18
16.6,7.6
16.96,7.96
16.17,7.17
16.64,7.64
16.19,7.19
16.0,7.0
16.27,7.27
16.97,7.97
16.37,8.37
16.86,8.86
16.54,8.54
16.16,8.16
16.7,8.7
16.74,8.74
16.39,8.39
16.74,8.74
16.8,8.8
16.21,8.21
16.44,9.44
16.35,9.35
16.66,9.66
16.33,9.33
16.03,9.03
16.4,9.4
16.45,9.45
16.13,9.13
16.7,9.7
16.66,9.66
16.25,10.25
16.21,10.21
16.51,10.51
16.64,10.64
16.61,10.61
16.96,10.96
16.45,10.45
16.28,10.28
17.0,11.0
16.98,10.98
16.32,11.32
16.26,11.26
16.95,11.95
16.7,11.7
16.45,11.45
16.09,11.09
16.15,11.15
16.06,11.06
16.33,11.33
16.12,11.12
16.14,12.14
16.53,12.53
16.29,12.29
16.66,12.66
16.3,12.3
16.56,12.56
16.45,12.45
16.75,12.75
16.87,12.87
16.69,12.69
16.84,13.84
16.8,13.8
16.47,13.47
16.27,13.27
16.78,13.78
16.52,13.52
16.02,13.02
16.52,13.52
16.89,13.89
16.13,13.13
16.77,14.77
16.78,14.78
16.71,14.71
16.32,14.32
16.24,14.24
16.53,14.53
16.67,14.67
16.66,14.66
16.02,14.02
16.32,14.32
16.29,15.29
16.27,15.27
16.55,15.55
16.63,15.63
16.65,15.65
16.68,15.68
16.19,15.19
16.42,15.42
16.12,15.12
16.61,15.61
16.96,26.96
16.7,26.7
16.62,26.62
16.59,26.59
16.73,26.73
16.44,26.44
16.46,26.46
16.79,26.79
16.53,26.53
16.74,26.74
16.58,27.58
16.13,27.13
16.01,27.01
16.65,27.65
16.01,27.01
16.0,27.0
16.5,27.5
16.18,27.18
16.51,27.51
16.35,27.35
16.13,28.13
16.11,28.11
16.86,28.86
16.48,28.48
16.68,28.68
16.98,28.98
16.43,28.43
16.92,28.92
16.75,28.75
16.23,28.23
17.0,51.0
16.59,50.59
16.44,50.44
16.6,50.6
16.42,50.42
16.06,50.06
16.92,50.92
16.49,50.49
16.94,50.94
16.06,50.06
16.96,52.96
16.55,52.55
16.11,52.11
16.65,52.65
16.99,52.99
16.42,52.42
16.51,52.51
16.51,52.51
16.18,52.18
16.38,52.38
16.33,62.33
16.46,62.46
16.67,62.67
16.42,62.42
16.87,62.87
16.13,62.13
16.98,62.98
16.66,62.66
16.63,62.63
16.85,62.85
16.04,63.04
16.3,63.3
16.47,63.47
16.56,63.56
16.24,63.24
16.28,63.28
16.53,63.53
16.53,63.53
16.98,63.98
16.01,63.01
17.67,5.67
17.54,5.54
17.49,5.49
17.79,5.79
17.94,5.9399999999999995
17.22,5.22
17.83,5.83
17.79,5.79
17.2,5.2
17.49,5.49
17.64,6.64
17.82,6.82
17.29,6.29
17.37,6.37
17.94,6.9399999999999995
17.56,6.5600000000000005
17.96,6.96
17.33,6.33
17.08,6.08
17.78,6.78
17.06,7.06
17.41,7.41
17.74,7.74
17.67,7.67
17.41,7.41
17.76,7.76
17.79,7.79
17.95,7.95
17.89,7.89
17.08,7.08
17.26,10.26
17.05,10.05
17.1,10.1
17.2,10.2
17.35,10.35
17.16,10.16
17.04,10.04
17.75,10.75
17.95,10.95
17.64,10.64
17.98,28.98
17.3,28.3
17.03,28.03
17.28,28.28
17.35,28.35
17.58,28.58
17.34,28.34
17.35,28.35
17.87,28.87
17.74,28.74
17.56,29.56
17.68,29.68
17.66,29.66
17.64,29.64
17.54,29.54
17.56,29.56
17.71,29.71
17.93,29.93
17.12,29.12
17.4,29.4
17.34,52.34
17.1,52.1
17.08,52.08
18.0,53.0
17.64,52.64
17.97,52.97
17.74,52.74
17.01,52.01
17.56,52.56
17.85,52.85
17.17,62.17
17.4,62.4
17.33,62.33
17.41,62.41
17.01,62.01
17.93,62.93
17.04,62.04
17.95,62.95
17.69,62.69
17.36,62.36
18.35,29.35
18.29,29.29
18.11,29.11
18.76,29.76
18.51,29.51
18.05,29.05
18.35,29.35
19.0,30.0
18.8,29.8
18.08,29.08
18.76,52.76
18.3,52.3
18.22,52.22
18.59,52.59
18.44,52.44
18.26,52.26
18.37,52.37
18.51,52.51
18.19,52.19
18.13,52.13
18.84,62.84
18.86,62.86
18.47,62.47
18.09,62.09
18.24,62.24
18.75,62.75
18.89,62.89
18.57,62.57
18.84,62.84
18.35,62.35
19.8,1.8
19.73,1.73
19.4,1.4
19.11,1.11
19.96,1.96
19.02,1.02
19.04,1.04
19.49,1.49
19.5,1.5
19.48,1.48
19.19,10.19
19.97,10.97
19.85,10.85
19.1,10.1
19.08,10.08
19.76,10.76
20.0,11.0
19.38,10.38
19.54,10.54
19.72,10.72
19.58,29.58
19.76,29.76
19.07,29.07
19.58,29.58
19.72,29.72
19.02,29.02
19.29,29.29
19.67,29.67
19.56,29.56
19.12,29.12
19.62,50.62
19.71,50.71
19.01,50.01
19.34,50.34
19.77,50.77
19.43,50.43
19.5,50.5
19.1,50.1
19.05,50.05
19.81,50.81
19.72,51.72
19.79,51.79
19.17,51.17
19.61,51.61
19.5,51.5
19.96,51.96
19.88,51.88
19.58,51.58
19.29,51.29
19.12,51.12
19.38,52.38
19.13,52.13
19.84,52.84
19.04,52.04
19.9,52.9
19.67,52.67
19.1,52.1
19.92,52.92
19.28,52.28
19.89,52.89
19.71,62.71
19.76,62.76
19.34,62.34
19.11,62.11
19.4,62.4
19.99,62.99
19.62,62.62
19.2,62.2
19.63,62.63
19.85,62.85
20.78,0.78
20.2,0.2
20.22,0.22
20.57,0.57
20.89,0.89
20.41,0.41
20.1,0.1
20.04,0.04
20.13,0.13
20.19,0.19
20.05,1.05
20.37,1.37
20.11,1.11
20.96,1.96
20.66,1.6600000000000001
20.33,1.33
20.1,1.1
20.52,1.52
20.64,1.6400000000000001
20.31,1.31
20.07,2.07
20.54,2.54
20.68,2.68
20.81,2.81
20.23,2.23
20.6,2.6
20.86,2.86
20.15,2.15
20.26,2.26
20.14,2.14
20.58,3.58
20.39,3.39
20.2,3.2
20.86,3.86
20.54,3.54
20.71,3.71
20.94,3.94
20.41,3.41
20.38,3.38
20.8,3.8
20.68,10.68
20.59,10.59
20.81,10.81
20.4,10.4
20.2,10.2
20.86,10.86
20.26,10.26
20.46,10.46
20.3,10.3
20.6,10.6
20.77,29.77
20.77,29.77
20.21,29.21
20.42,29.42
20.27,29.27
20.48,29.48
20.48,29.48
20.29,29.29
20.53,29.53
20.48,29.48
20.81,30.81
20.5,30.5
20.42,30.42
20.28,30.28
20.79,30.79
20.51,30.51
20.07,30.07
20.07,30.07
20.71,30.71
20.39,30.39
20.54,47.54
20.55,47.55
20.04,47.04
20.83,47.83
20.01,47.01
20.53,47.53
20.19,47.19
20.85,47.85
20.82,47.82
20.33,47.33
20.4,48.4
20.17,48.17
20.6,48.6
20.59,48.59
20.6,48.6
20.82,48.82
20.89,48.89
20.58,48.58
20.76,48.76
20.76,48.76
20.55,49.55
20.53,49.53
20.23,49.23
20.82,49.82
20.83,49.83
20.88,49.88
20.62,49.62
20.33,49.33
20.39,49.39
20.83,49.83
20.21,63.21
20.87,63.87
20.11,63.11
20.48,63.48
20.96,63.96
20.22,63.22
20.41,63.41
20.9,63.9
20.1,63.1
20.73,63.73
21.9,0.9
21.52,0.52
21.11,0.11
21.36,0.36
21.91,0.91
21.47,0.47
21.45,0.45
21.96,0.96
21.64,0.64
21.06,0.06
21.25,1.25
21.86,1.8599999999999999
21.64,1.6400000000000001
21.85,1.85
21.95,1.95
21.19,1.19
21.72,1.72
21.56,1.56
21.13,1.13
21.36,1.3599999999999999
21.34,2.34
21.33,2.33
21.59,2.59
21.22,2.22
21.9,2.9
21.57,2.57
21.99,2.99
21.38,2.38
21.49,2.49
21.18,2.18
21.41,3.41
21.6,3.6
21.58,3.58
21.04,3.04
21.79,3.79
21.55,3.55
21.56,3.56
21.6,3.6
21.64,3.64
21.12,3.12
21.49,4.49
21.93,4.93
21.57,4.57
21.06,4.06
21.45,4.45
21.4,4.4
21.26,4.26
21.83,4.83
21.94,4.9399999999999995
21.32,4.32
21.53,5.53
21.31,5.31
21.82,5.82
21.73,5.73
21.2,5.2
21.99,5.99
21.58,5.58
21.19,5.19
21.88,5.88
21.22,5.22
21.3,6.3
21.97,6.97
21.91,6.91
21.58,6.58
21.68,6.68
21.26,6.26
21.71,6.71
21.55,6.55
21.31,6.31
21.64,6.64
21.81,7.8100000000000005
21.85,7.85
21.91,7.91
21.95,7.95
21.15,7.15
21.32,7.32
21.13,7.13
21.26,7.26
21.89,7.89
21.66,7.66
21.77,8.77
21.99,8.99
21.4,8.4
21.28,8.28
21.01,8.01
21.06,8.06
21.36,8.36
21.43,8.43
21.76,8.76
21.15,8.15
21.04,9.04
21.48,9.48
21.07,9.07
21.12,9.12
21.19,9.19
21.88,9.88
21.49,9.49
21.88,9.88
21.4,9.4
21.44,9.44
21.17,10.17
21.58,10.58
21.42,10.42
21.25,10.25
22.0,11.0
21.77,10.77
21.78,10.78
21.99,10.99
21.53,10.53
21.65,10.65
22.0,31.0
21.44,30.44
21.16,30.16
21.87,30.87
21.13,30.13
21.06,30.06
21.41,30.41
21.67,30.67
21.99,30.99
21.17,30.17
21.1,44.1
21.58,44.58
21.42,44.42
21.88,44.88
21.01,44.01
21.69,44.69
21.3,44.3
21.5,44.5
21.09,44.09
21.78,44.78
21.63,45.63
21.77,45.77
21.5,45.5
21.78,45.78
21.22,45.22
21.17,45.17
21.49,45.49
21.11,45.11
21.36,45.36
21.68,45.68
21.32,46.32
21.95,46.95
21.77,46.77
21.77,46.77
21.42,46.42
21.81,46.81
21.07,46.07
21.46,46.46
21.79,46.79
21.26,46.26
21.58,47.58
21.43,47.43
21.47,47.47
21.26,47.26
21.46,47.46
21.45,47.45
21.65,47.65
21.46,47.46
21.02,47.02
21.29,47.29
21.11,63.11
21.3,63.3
21.19,63.19
21.78,63.78
21.1,63.1
21.16,63.16
21.04,63.04
21.3,63.3
21.07,63.07
21.03,63.03
22.51,2.51
22.89,2.89
22.83,2.83
22.38,2.38
22.77,2.77
22.61,2.61
22.97,2.9699999999999998
22.63,2.63
22.91,2.91
22.17,2.17
22.09,3.09
22.53,3.5300000000000002
22.39,3.39
22.71,3.71
22.12,3.12
22.99,3.99
22.56,3.56
22.57,3.57
22.48,3.48
22.56,3.56
22.34,4.34
22.87,4.87
22.06,4.06
22.99,4.99
22.67,4.67
22.37,4.37
22.97,4.97
22.7,4.7
23.0,5.0
22.49,4.49
22.72,5.72
22.68,5.68
22.0,5.0
22.16,5.16
22.08,5.08
22.31,5.31
22.73,5.73
22.15,5.15
22.6,5.6
22.12,5.12
22.08,6.08
22.01,6.01
22.3,6.3
22.03,6.03
22.3,6.3
22.71,6.71
22.38,6.38
22.79,6.79
22.5,6.5
22.39,6.39
22.67,7.67
22.53,7.53
22.9,7.9
22.28,7.28
22.5,7.5
22.44,7.44
22.65,7.65
22.73,7.73
22.64,7.64
22.94,7.9399999999999995
22.98,8.98
22.49,8.49
22.34,8.34
22.01,8.01
22.65,8.65
22.36,8.36
22.53,8.53
22.54,8.54
22.97,8.97
22.37,8.37
22.47,9.47
22.72,9.72
22.45,9.45
22.0,9.0
22.38,9.38
22.44,9.44
22.27,9.27
22.73,9.73
22.28,9.28
22.98,9.98
22.75,10.75
22.69,10.69
22.12,10.12
22.07,10.07
22.91,10.91
22.27,10.27
22.09,10.09
22.99,10.99
22.57,10.57
22.71,10.71
22.37,11.37
22.53,11.53
22.3,11.3
22.03,11.03
22.68,11.68
22.1,11.1
22.14,11.14
22.11,11.11
22.3,11.3
22.94,11.94
22.46,12.46
22.74,12.74
22.85,12.85
22.21,12.21
23.0,13.0
22.52,12.52
22.69,12.69
22.6,12.6
22.07,12.07
22.28,12.28
22.66,14.66
22.8,14.8
22.48,14.48
22.49,14.49
22.26,14.26
22.58,14.58
22.08,14.08
22.85,14.85
22.41,14.41
22.83,14.83
22.43,15.43
22.5,15.5
22.47,15.47
22.2,15.2
22.9,15.9
22.16,15.16
22.93,15.93
22.72,15.72
22.98,15.98
22.77,15.77
22.94,30.94
22.34,30.34
22.23,30.23
22.82,30.82
22.96,30.96
22.11,30.11
22.67,30.67
22.98,30.98
22.1,30.1
22.28,30.28
22.25,32.25
22.83,32.83
22.59,32.59
22.72,32.72
22.28,32.28
22.02,32.02
22.83,32.83
22.99,32.99
22.74,32.74
22.45,32.45
22.4,33.4
22.62,33.62
22.66,33.66
22.43,33.43
22.38,33.38
22.61,33.61
22.67,33.67
22.16,33.16
22.24,33.24
22.7,33.7
22.94,34.94
22.2,34.2
22.46,34.46
22.18,34.18
22.06,34.06
22.5,34.5
22.33,34.33
22.91,34.91
22.11,34.11
22.82,34.82
22.29,44.29
22.25,44.25
22.83,44.83
22.43,44.43
22.63,44.63
22.45,44.45
22.79,44.79
22.22,44.22
22.11,44.11
22.46,44.46
22.12,63.12
22.2,63.2
22.58,63.58
22.86,63.86
22.64,63.64
22.01,63.01
22.79,63.79
22.02,63.02
22.76,63.76
22.41,63.41
23.03,10.03
23.82,10.82
23.04,10.04
23.36,10.36
23.72,10.72
23.68,10.68
23.91,10.91
23.66,10.66
23.84,10.84
23.4,10.4
23.09,12.09
23.82,12.82
23.91,12.91
23.78,12.78
23.48,12.48
23.2,12.2
23.02,12.02
23.26,12.26
23.21,12.21
23.47,12.47
23.45,13.45
23.06,13.06
23.72,13.72
23.68,13.68
23.86,13.86
23.71,13.71
23.34,13.34
23.2,13.2
23.99,13.99
23.96,13.96
23.96,14.96
23.5,14.5
23.4,14.4
23.96,14.96
23.41,14.41
23.07,14.07
23.78,14.78
23.06,14.06
23.5,14.5
23.83,14.83
23.53,16.53
23.14,16.14
23.47,16.47
23.31,16.31
23.74,16.74
23.97,16.97
23.42,16.42
23.99,16.99
23.77,16.77
23.7,16.7
23.81,17.81
23.9,17.9
23.27,17.27
23.55,17.55
23.02,17.02
23.72,17.72
23.76,17.76
23.69,17.69
23.26,17.26
23.15,17.15
23.29,18.29
23.85,18.85
23.06,18.06
23.27,18.27
23.33,18.33
23.11,18.11
23.86,18.86
23.97,18.97
23.72,18.72
23.78,18.78
23.12,19.12
23.01,19.01
23.94,19.94
23.51,19.51
23.89,19.89
23.73,19.73
23.78,19.78
23.84,19.84
23.5,19.5
23.46,19.46
23.88,20.88
23.85,20.85
23.93,20.93
23.64,20.64
23.62,20.62
23.15,20.15
23.71,20.71
23.17,20.17
23.95,20.95
23.42,20.42
23.21,21.21
23.51,21.51
23.12,21.12
23.04,21.04
23.32,21.32
23.86,21.86
23.84,21.84
23.17,21.17
23.8,21.8
23.52,21.52
23.04,22.04
24.0,23.0
23.57,22.57
23.77,22.77
23.77,22.77
23.15,22.15
23.4,22.4
23.69,22.69
23.14,22.14
23.16,22.16
23.34,23.34
23.55,23.55
23.59,23.59
23.73,23.73
23.37,23.37
23.98,23.98
23.96,23.96
23.56,23.56
23.81,23.81
23.69,23.69
23.19,24.19
23.88,24.88
23.62,24.62
23.63,24.63
23.4,24.4
23.97,24.97
23.16,24.16
23.49,24.49
23.06,24.06
23.66,24.66
23.52,25.52
23.34,25.34
23.35,25.35
23.09,25.09
23.77,25.77
23.15,25.15
23.36,25.36
23.63,25.63
23.04,25.04
23.8,25.8
23.0,26.0
23.46,26.46
23.96,26.96
23.9,26.9
23.84,26.84
23.3,26.3
23.94,26.94
23.37,26.37
23.46,26.46
23.79,26.79
23.37,27.37
23.37,27.37
23.91,27.91
23.7,27.7
23.79,27.79
23.22,27.22
23.91,27.91
23.07,27.07
23.05,27.05
23.83,27.83
23.07,28.07
23.05,28.05
23.47,28.47
23.19,28.19
23.97,28.97
23.14,28.14
23.5,28.5
23.57,28.57
23.01,28.01
23.18,28.18
23.08,29.08
23.69,29.69
23.0,29.0
23.06,29.06
23.42,29.42
23.96,29.96
23.79,29.79
23.82,29.82
23.9,29.9
23.77,29.77
23.88,30.88
23.65,30.65
23.54,30.54
23.16,30.16
23.46,30.46
23.1,30.1
23.3,30.3
23.36,30.36
23.08,30.08
23.74,30.74
23.99,31.99
23.9,31.9
23.57,31.57
23.07,31.07
23.82,31.82
23.63,31.63
23.58,31.58
23.75,31.75
23.99,31.99
23.49,31.49
23.58,32.58
23.8,32.8
23.18,32.18
23.64,32.64
23.99,32.99
23.97,32.97
23.49,32.49
23.14,32.14
23.14,32.14
23.5,32.5
23.18,34.18
23.5,34.5
23.56,34.56
23.74,34.74
23.87,34.87
23.14,34.14
23.47,34.47
23.43,34.43
23.39,34.39
23.85,34.85
23.03,35.03
23.94,35.94
23.69,35.69
23.28,35.28
23.59,35.59
23.12,35.12
23.81,35.81
23.65,35.65
23.07,35.07
23.4,35.4
23.17,36.17
23.43,36.43
23.99,36.99
23.14,36.14
23.93,36.93
23.59,36.59
23.26,36.26
23.07,36.07
23.72,36.72
23.65,36.65
23.22,44.22
23.92,44.92
23.66,44.66
23.33,44.33
23.44,44.44
23.04,44.04
23.66,44.66
23.87,44.87
23.8,44.8
23.62,44.62
23.42,63.42
23.91,63.91
23.3,63.3
23.19,63.19
23.51,63.51
23.66,63.66
23.24,63.24
23.11,63.11
23.66,63.66
23.92,63.92
23.8,64.8
23.65,64.65
23.7,64.7
23.77,64.77
23.43,64.43
23.99,64.99
23.93,64.93
23.64,64.64
23.88,64.88
23.01,64.01
24.68,5.68
24.97,5.97
24.59,5.59
24.66,5.66
24.43,5.43
24.24,5.24
24.47,5.47
24.77,5.77
24.41,5.41
24.23,5.23
24.89,6.89
24.7,6.7
24.38,6.38
24.33,6.33
24.19,6.19
24.98,6.98
24.02,6.02
24.42,6.42
24.37,6.37
24.1,6.1
24.26,7.26
24.87,7.87
24.27,7.27
24.83,7.83
24.49,7.49
24.84,7.84
24.41,7.41
24.56,7.5600000000000005
24.26,7.26
24.61,7.61
24.99,8.99
24.91,8.91
24.69,8.69
24.0,8.0
24.97,8.97
24.06,8.06
24.05,8.05
24.6,8.6
24.31,8.31
24.68,8.68
24.24,9.24
24.15,9.15
24.44,9.44
24.86,9.86
24.11,9.11
24.29,9.29
24.95,9.95
24.69,9.69
24.67,9.67
24.15,9.15
24.52,10.52
24.91,10.91
24.81,10.81
24.18,10.18
24.02,10.02
24.1,10.1
24.65,10.65
24.22,10.22
24.09,10.09
24.45,10.45
24.88,16.88
24.13,16.13
24.97,16.97
24.68,16.68
24.47,16.47
24.03,16.03
24.06,16.06
24.57,16.57
24.02,16.02
24.75,16.75
24.9,36.9
24.74,36.74
24.19,36.19
24.31,36.31
24.81,36.81
24.86,36.86
24.26,36.26
24.8,36.8
25.0,37.0
24.1,36.1
24.4,37.4
24.09,37.09
24.58,37.58
24.25,37.25
24.42,37.42
24.17,37.17
24.6,37.6
24.18,37.18
24.76,37.76
24.54,37.54
24.94,40.94
24.69,40.69
24.26,40.26
24.79,40.79
24.32,40.32
24.1,40.1
24.25,40.25
24.49,40.49
24.49,40.49
24.43,40.43
24.45,43.45
24.08,43.08
24.48,43.48
24.63,43.63
24.8,43.8
24.82,43.82
24.08,43.08
24.0,43.0
24.25,43.25
24.6,43.6
24.8,43.8
24.09,43.09
24.33,43.33
24.78,43.78
24.4,43.4
24.62,43.62
24.88,43.88
24.32,43.32
24.93,43.93
24.37,43.37
24.02,44.02
24.96,44.96
24.57,44.57
24.72,44.72
24.15,44.15
24.44,44.44
24.89,44.89
24.66,44.66
24.9,44.9
24.6,44.6
24.1,64.1
24.42,64.42
24.09,64.09
24.69,64.69
24.02,64.02
24.17,64.17
24.16,64.16
24.23,64.23
24.14,64.14
24.86,64.86
25.01,5.01
25.78,5.78
25.49,5.49
25.1,5.1
25.19,5.19
25.39,5.39
25.0,5.0
25.86,5.86
25.56,5.5600000000000005
25.26,5.26
25.93,16.93
25.2,16.2
25.26,16.26
25.69,16.69
25.97,16.97
25.95,16.95
25.77,16.77
25.57,16.57
25.31,16.31
25.75,16.75
25.87,19.87
25.2,19.2
25.75,19.75
25.58,19.58
25.22,19.22
25.26,19.26
25.25,19.25
25.93,19.93
25.69,19.69
25.18,19.18
25.11,20.11
25.78,20.78
25.76,20.76
25.68,20.68
25.66,20.66
25.92,20.92
25.69,20.69
25.25,20.25
25.22,20.22
25.53,20.53
25.86,21.86
26.0,22.0
25.82,21.82
25.15,21.15
25.34,21.34
25.28,21.28
25.15,21.15
25.09,21.09
25.84,21.84
25.54,21.54
25.73,23.73
25.48,23.48
25.0,23.0
25.75,23.75
25.32,23.32
25.87,23.87
25.87,23.87
25.97,23.97
25.16,23.16
25.15,23.15
25.67,24.67
25.63,24.63
25.8,24.8
25.22,24.22
25.41,24.41
25.54,24.54
25.32,24.32
25.53,24.53
25.63,24.63
25.07,24.07
25.79,25.79
25.39,25.39
25.84,25.84
25.88,25.88
25.92,25.92
25.57,25.57
25.11,25.11
25.96,25.96
26.0,26.0
25.91,25.91
25.05,26.05
25.88,26.88
25.36,26.36
25.42,26.42
25.68,26.68
25.85,26.85
26.0,27.0
25.97,26.97
25.46,26.46
25.76,26.76
25.17,27.17
25.5,27.5
25.45,27.45
25.77,27.77
25.2,27.2
25.87,27.87
25.87,27.87
25.53,27.53
25.75,27.75
25.64,27.64
25.38,36.38
25.94,36.94
25.0,36.0
25.24,36.24
25.95,36.95
25.09,36.09
25.21,36.21
26.0,37.0
25.91,36.91
25.26,36.26
25.41,38.41
25.5,38.5
25.72,38.72
25.01,38.01
25.44,38.44
25.25,38.25
25.45,38.45
25.24,38.24
25.39,38.39
25.3,38.3
25.33,39.33
25.43,39.43
25.31,39.31
25.45,39.45
25.82,39.82
25.63,39.63
25.98,39.98
25.51,39.51
25.85,39.85
25.12,39.12
25.06,40.06
25.88,40.88
25.76,40.76
25.39,40.39
25.42,40.42
25.56,40.56
25.07,40.07
25.39,40.39
25.49,40.49
25.42,40.42
25.69,63.69
25.56,63.56
25.32,63.32
25.54,63.54
25.84,63.84
25.2,63.2
25.55,63.55
25.08,63.08
25.76,63.76
25.41,63.41
25.64,64.64
25.79,64.79
25.51,64.51
25.8,64.8
25.86,64.86
25.12,64.12
25.01,64.01
25.18,64.18
25.67,64.67
25.16,64.16
26.57,5.57
26.87,5.87
26.06,5.06
26.69,5.6899999999999995
26.14,5.14
26.68,5.68
26.76,5.76
26.21,5.21
26.93,5.93
26.12,5.12
26.35,16.35
26.24,16.24
26.56,16.56
26.82,16.82
26.47,16.47
26.41,16.41
26.6,16.6
26.14,16.14
26.11,16.11
26.34,16.34
26.21,17.21
26.25,17.25
26.98,17.98
26.18,17.18
26.4,17.4
26.5,17.5
26.91,17.91
26.21,17.21
26.6,17.6
26.95,17.95
26.82,18.82
26.81,18.81
26.1,18.1
26.47,18.47
26.85,18.85
26.31,18.31
26.77,18.77
26.99,18.99
26.64,18.64
26.59,18.59
26.76,19.76
27.0,20.0
26.99,19.99
26.46,19.46
26.27,19.27
26.18,19.18
26.55,19.55
26.37,19.37
26.17,19.17
26.15,19.15
26.9,21.9
26.57,21.57
26.82,21.82
26.03,21.03
26.55,21.55
26.25,21.25
26.15,21.15
26.35,21.35
26.76,21.76
26.58,21.58
26.23,22.23
26.65,22.65
26.99,22.99
26.41,22.41
26.07,22.07
26.32,22.32
26.27,22.27
26.98,22.98
26.97,22.97
26.23,22.23
26.35,23.35
26.49,23.49
26.13,23.13
26.46,23.46
26.84,23.84
26.96,23.96
26.31,23.31
26.86,23.86
26.88,23.88
26.9,23.9
26.44,27.44
26.7,27.7
26.58,27.58
26.6,27.6
26.4,27.4
26.08,27.08
26.22,27.22
26.75,27.75
26.75,27.75
26.66,27.66
26.58,28.58
26.27,28.27
26.38,28.38
26.14,28.14
26.18,28.18
26.0,28.0
26.43,28.43
26.34,28.34
26.57,28.57
26.98,28.98
26.47,63.47
26.51,63.51
26.59,63.59
26.11,63.11
26.65,63.65
26.09,63.09
26.5,63.5
26.98,63.98
26.38,63.38
26.5,63.5
27.76,5.76
27.23,5.23
27.67,5.67
27.05,5.05
27.55,5.55
27.24,5.24
27.88,5.88
27.13,5.13
27.12,5.12
27.91,5.91
27.66,15.66
27.7,15.7
27.85,15.85
27.37,15.37
27.92,15.92
27.7,15.7
27.59,15.59
27.92,15.92
27.02,15.02
27.19,15.19
27.51,16.51
27.28,16.28
27.01,16.01
27.02,16.02
27.9,16.9
27.4,16.4
27.71,16.71
27.29,16.29
27.38,16.38
27.05,16.05
27.17,28.17
27.18,28.18
27.35,28.35
27.8,28.8
27.56,28.56
27.2,28.2
27.19,28.19
27.95,28.95
27.8,28.8
27.38,28.38
28.56,3.56
28.13,3.13
28.76,3.76
28.55,3.55
28.43,3.43
28.02,3.02
28.59,3.59
28.51,3.51
28.4,3.4
28.78,3.7800000000000002
28.42,5.42
28.22,5.22
28.65,5.65
28.94,5.9399999999999995
28.08,5.08
28.77,5.77
28.92,5.92
28.26,5.26
28.28,5.28
28.99,5.99
28.49,6.49
28.1,6.1
28.84,6.84
28.59,6.59
28.56,6.5600000000000005
28.89,6.89
28.87,6.87
28.33,6.33
28.22,6.22
28.72,6.72
28.87,13.87
28.81,13.81
28.72,13.72
28.15,13.15
28.15,13.15
28.71,13.71
28.14,13.14
28.11,13.11
28.5,13.5
28.24,13.24
28.22,14.22
28.34,14.34
28.19,14.19
28.44,14.44
28.5,14.5
28.04,14.04
28.92,14.92
28.67,14.67
28.17,14.17
28.09,14.09
28.03,28.03
28.68,28.68
29.0,29.0
28.0,28.0
28.02,28.02
28.08,28.08
28.13,28.13
28.81,28.81
28.0,28.0
28.59,28.59
28.86,29.86
28.7,29.7
28.77,29.77
28.65,29.65
28.0,29.0
28.36,29.36
28.94,29.94
28.05,29.05
28.22,29.22
28.84,29.84
29.0,37.0
28.18,36.18
28.64,36.64
28.42,36.42
28.24,36.24
28.81,36.81
28.45,36.45
28.28,36.28
28.26,36.26
28.44,36.44
28.35,63.35
28.12,63.12
28.74,63.74
28.1,63.1
28.96,63.96
28.33,63.33
29.0,64.0
29.0,64.0
28.06,63.06
28.33,63.33
29.27,3.27
29.25,3.25
29.2,3.2
29.32,3.32
29.13,3.13
29.75,3.75
29.25,3.25
29.68,3.68
29.18,3.18
29.97,3.9699999999999998
29.27,12.27
29.08,12.08
29.3,12.3
29.75,12.75
29.26,12.26
29.97,12.97
29.52,12.52
29.97,12.97
29.54,12.54
29.22,12.22
29.15,13.15
29.58,13.58
29.57,13.57
29.45,13.45
29.81,13.81
29.64,13.64
29.8,13.8
29.54,13.54
29.65,13.65
29.81,13.81
29.27,29.27
29.91,29.91
29.8,29.8
29.3,29.3
29.36,29.36
29.34,29.34
29.7,29.7
29.02,29.02
29.44,29.44
29.55,29.55
29.65,36.65
29.14,36.14
29.54,36.54
29.5,36.5
29.24,36.24
29.19,36.19
29.1,36.1
29.94,36.94
29.06,36.06
29.34,36.34
29.14,64.14
29.91,64.91
29.36,64.36
29.42,64.42
29.01,64.01
29.28,64.28
29.67,64.67
29.88,64.88
29.92,64.92
29.32,64.32
30.29,3.29
30.59,3.59
30.13,3.13
30.9,3.9
30.94,3.94
30.53,3.5300000000000002
30.27,3.27
30.29,3.29
30.47,3.4699999999999998
30.19,3.19
30.09,7.09
30.15,7.15
30.52,7.52
30.85,7.85
30.2,7.2
30.03,7.03
30.65,7.65
30.77,7.77
30.9,7.9
30.62,7.62
30.91,11.91
30.82,11.82
30.7,11.7
30.88,11.88
30.57,11.57
30.02,11.02
30.22,11.22
30.43,11.43
30.36,11.36
30.75,11.75
30.75,12.75
30.13,12.13
30.31,12.31
30.62,12.62
30.46,12.46
30.58,12.58
30.87,12.87
30.37,12.37
30.28,12.28
30.71,12.71
30.41,19.41
30.6,19.6
30.77,19.77
30.75,19.75
30.67,19.67
30.84,19.84
30.13,19.13
30.11,19.11
30.95,19.95
30.38,19.38
30.9,20.9
30.39,20.39
30.46,20.46
30.65,20.65
30.68,20.68
30.81,20.81
30.94,20.94
30.71,20.71
30.89,20.89
30.74,20.74
30.22,21.22
30.75,21.75
30.35,21.35
30.19,21.19
30.92,21.92
30.18,21.18
30.83,21.83
30.38,21.38
30.61,21.61
30.86,21.86
30.22,22.22
30.13,22.13
30.51,22.51
31.0,23.0
30.2,22.2
30.18,22.18
30.93,22.93
30.83,22.83
30.24,22.24
30.98,22.98
30.31,29.31
30.35,29.35
30.24,29.24
30.75,29.75
30.87,29.87
30.56,29.56
30.02,29.02
30.59,29.59
30.57,29.57
30.5,29.5
30.52,36.52
30.79,36.79
30.19,36.19
30.03,36.03
30.65,36.65
30.89,36.89
30.76,36.76
30.42,36.42
30.13,36.13
30.73,36.73
30.84,64.84
30.41,64.41
30.75,64.75
30.55,64.55
30.4,64.4
30.35,64.35
30.33,64.33
30.3,64.3
30.5,64.5
30.21,64.21
31.26,3.26
32.0,4.0
31.09,3.09
31.67,3.67
31.75,3.75
31.53,3.5300000000000002
31.59,3.59
32.0,4.0
31.13,3.13
31.67,3.67
31.89,7.89
31.54,7.54
31.86,7.86
31.41,7.41
31.88,7.88
31.61,7.61
31.59,7.59
31.84,7.84
31.99,7.99
31.53,7.53
31.47,11.47
31.32,11.32
31.87,11.87
31.01,11.01
31.28,11.28
31.92,11.92
31.96,11.96
31.03,11.03
31.5,11.5
31.12,11.12
31.81,19.81
31.02,19.02
31.28,19.28
31.48,19.48
31.13,19.13
31.03,19.03
31.06,19.06
31.9,19.9
31.07,19.07
31.32,19.32
31.25,22.25
31.51,22.51
31.8,22.8
31.36,22.36
31.78,22.78
31.64,22.64
31.81,22.81
31.43,22.43
31.36,22.36
31.54,22.54
31.89,30.89
31.02,30.02
31.16,30.16
31.1,30.1
31.39,30.39
31.56,30.56
31.85,30.85
31.9,30.9
31.43,30.43
31.99,30.99
31.97,36.97
31.56,36.56
31.69,36.69
31.48,36.48
31.18,36.18
31.8,36.8
31.29,36.29
31.44,36.44
31.05,36.05
31.91,36.91
31.83,37.83
31.86,37.86
31.82,37.82
31.0,37.0
31.1,37.1
31.84,37.84
31.39,37.39
31.08,37.08
31.57,37.57
31.96,37.96
31.74,64.74
31.76,64.76
31.58,64.58
31.74,64.74
31.29,64.29
31.28,64.28
31.41,64.41
31.93,64.93
31.14,64.14
31.52,64.52
32.37,3.37
32.19,3.19
32.86,3.86
32.93,3.93
32.13,3.13
32.06,3.06
32.98,3.98
32.29,3.29
32.62,3.62
32.09,3.09
32.73,4.73
32.28,4.28
32.85,4.85
32.06,4.06
32.84,4.84
32.98,4.98
32.13,4.13
32.32,4.32
32.18,4.18
32.31,4.31
32.74,5.74
32.82,5.82
32.94,5.9399999999999995
32.8,5.8
32.91,5.91
32.56,5.5600000000000005
32.48,5.48
32.35,5.35
32.9,5.9
32.24,5.24
32.93,7.93
32.13,7.13
32.28,7.28
33.0,8.0
32.86,7.86
32.04,7.04
32.66,7.66
32.58,7.58
32.64,7.64
32.55,7.55
32.99,11.99
32.63,11.63
32.38,11.38
32.01,11.01
32.46,11.46
32.68,11.68
32.54,11.54
32.59,11.59
32.79,11.79
32.82,11.82
32.43,19.43
32.12,19.12
32.34,19.34
32.44,19.44
32.5,19.5
32.85,19.85
32.14,19.14
32.18,19.18
32.0,19.0
32.97,19.97
32.34,22.34
32.89,22.89
32.54,22.54
32.37,22.37
32.36,22.36
32.21,22.21
32.61,22.61
32.09,22.09
32.25,22.25
32.07,22.07
32.84,30.84
32.8,30.8
32.76,30.76
32.34,30.34
32.77,30.77
32.03,30.03
32.55,30.55
32.38,30.38
32.14,30.14
32.99,30.99
32.95,37.95
32.26,37.26
32.3,37.3
32.76,37.76
32.19,37.19
32.99,37.99
32.05,37.05
32.91,37.91
32.23,37.23
32.61,37.61
32.19,63.19
32.96,63.96
32.65,63.65
32.29,63.29
32.82,63.82
32.56,63.56
32.81,63.81
32.4,63.4
32.79,63.79
32.66,63.66
32.56,64.56
32.71,64.71
32.56,64.56
32.95,64.95
32.22,64.22
32.99,64.99
32.02,64.02
32.67,64.67
32.44,64.44
32.53,64.53
33.12,5.12
33.05,5.05
33.58,5.58
33.58,5.58
33.9,5.9
33.66,5.66
34.0,6.0
33.62,5.62
33.84,5.84
33.72,5.72
33.4,6.4
33.03,6.03
33.28,6.28
33.01,6.01
33.33,6.33
33.17,6.17
33.45,6.45
33.25,6.25
33.79,6.79
33.81,6.8100000000000005
33.71,7.71
33.66,7.66
33.66,7.66
33.41,7.41
33.55,7.55
33.8,7.8
33.42,7.42
33.94,7.9399999999999995
33.6,7.6
34.0,8.0
33.6,11.6
33.99,11.99
33.65,11.65
33.74,11.74
33.19,11.19
33.53,11.53
33.24,11.24
33.56,11.56
33.99,11.99
33.49,11.49
33.97,12.97
33.42,12.42
33.76,12.76
33.45,12.45
33.42,12.42
33.12,12.12
33.98,12.98
33.6,12.6
33.67,12.67
33.55,12.55
33.91,13.91
33.59,13.59
33.5,13.5
33.03,13.03
33.54,13.54
33.04,13.04
33.03,13.03
33.55,13.55
33.03,13.03
33.96,13.96
33.09,19.09
33.86,19.86
33.27,19.27
33.26,19.26
33.88,19.88
33.54,19.54
33.36,19.36
33.59,19.59
33.72,19.72
33.71,19.71
33.51,22.51
33.94,22.94
33.27,22.27
33.68,22.68
33.86,22.86
34.0,23.0
33.43,22.43
33.64,22.64
33.37,22.37
33.09,22.09
33.16,30.16
33.85,30.85
33.78,30.78
33.1,30.1
33.12,30.12
33.7,30.7
33.29,30.29
33.81,30.81
33.92,30.92
33.49,30.49
33.69,35.69
33.65,35.65
33.63,35.63
33.46,35.46
34.0,36.0
33.02,35.02
34.0,36.0
33.58,35.58
33.54,35.54
33.31,35.31
33.97,36.97
33.16,36.16
33.62,36.62
33.47,36.47
33.77,36.77
34.0,37.0
33.61,36.61
33.65,36.65
33.29,36.29
33.18,36.18
33.95,37.95
33.65,37.65
33.93,37.93
33.01,37.01
33.04,37.04
33.89,37.89
33.73,37.73
33.21,37.21
33.12,37.12
33.19,37.19
33.54,63.54
33.26,63.26
33.02,63.02
33.46,63.46
33.1,63.1
33.99,63.99
33.26,63.26
33.03,63.03
33.93,63.93
33.11,63.11
34.29,13.29
34.08,13.08
34.55,13.55
34.54,13.54
34.94,13.94
34.99,13.99
34.73,13.73
34.18,13.18
34.2,13.2
34.02,13.02
34.12,19.12
34.5,19.5
34.79,19.79
34.38,19.38
34.3,19.3
34.02,19.02
34.5,19.5
34.91,19.91
34.1,19.1
34.78,19.78
34.79,22.79
34.58,22.58
34.32,22.32
34.04,22.04
34.09,22.09
34.81,22.81
34.53,22.53
34.46,22.46
34.85,22.85
34.67,22.67
34.99,23.99
34.32,23.32
34.59,23.59
34.73,23.73
34.24,23.24
34.43,23.43
34.7,23.7
34.7,23.7
34.14,23.14
34.97,23.97
34.59,27.59
34.52,27.52
34.54,27.54
34.04,27.04
34.36,27.36
34.75,27.75
34.7,27.7
34.38,27.38
34.04,27.04
34.61,27.61
34.13,28.13
34.89,28.89
34.38,28.38
34.02,28.02
34.66,28.66
35.0,29.0
34.93,28.93
34.28,28.28
34.33,28.33
34.96,28.96
34.24,29.24
34.65,29.65
34.22,29.22
34.53,29.53
34.72,29.72
34.04,29.04
34.6,29.6
34.01,29.01
34.29,29.29
34.02,29.02
34.64,30.64
34.7,30.7
34.04,30.04
34.91,30.91
34.2,30.2
34.61,30.61
34.82,30.82
34.47,30.47
34.11,30.11
34.6,30.6
34.63,35.63
34.88,35.88
34.41,35.41
34.3,35.3
35.0,36.0
34.67,35.67
34.21,35.21
34.47,35.47
34.09,35.09
34.11,35.11
35.08,13.08
35.0,13.0
35.39,13.39
35.96,13.96
35.48,13.48
35.77,13.77
35.56,13.56
35.34,13.34
35.88,13.88
35.68,13.68
35.25,17.25
35.17,17.17
35.53,17.53
35.63,17.63
35.73,17.73
35.87,17.87
35.35,17.35
35.73,17.73
35.27,17.27
35.68,17.68
35.65,18.65
35.19,18.19
35.15,18.15
35.42,18.42
35.46,18.46
35.15,18.15
35.03,18.03
35.28,18.28
35.23,18.23
35.33,18.33
35.38,19.38
35.65,19.65
35.87,19.87
35.15,19.15
35.29,19.29
35.24,19.24
35.69,19.69
35.27,19.27
35.01,19.01
35.79,19.79
35.87,23.87
35.76,23.76
35.23,23.23
35.01,23.01
35.31,23.31
35.29,23.29
35.45,23.45
35.77,23.77
35.55,23.55
35.33,23.33
35.44,27.44
35.37,27.37
35.26,27.26
35.72,27.72
35.97,27.97
35.75,27.75
35.46,27.46
35.13,27.13
35.02,27.02
35.27,27.27
35.0,35.0
35.99,35.99
35.85,35.85
35.07,35.07
35.0,35.0
35.55,35.55
35.04,35.04
35.91,35.91
35.25,35.25
35.15,35.15
35.98,63.98
35.83,63.83
35.79,63.79
35.7,63.7
35.63,63.63
35.34,63.34
35.33,63.33
35.68,63.68
35.24,63.24
35.62,63.62
36.46,4.46
36.61,4.61
36.14,4.14
36.79,4.79
36.76,4.76
36.63,4.63
36.63,4.63
36.93,4.93
36.63,4.63
36.0,4.0
36.5,5.5
36.97,5.97
36.22,5.22
36.4,5.4
36.63,5.63
36.5,5.5
36.11,5.11
36.42,5.42
36.66,5.66
36.15,5.15
36.71,6.71
36.34,6.34
36.75,6.75
36.41,6.41
36.77,6.77
36.29,6.29
36.89,6.89
36.69,6.6899999999999995
36.17,6.17
36.63,6.63
36.81,7.8100000000000005
36.22,7.22
36.44,7.44
36.41,7.41
36.84,7.84
36.79,7.79
36.99,7.99
36.86,7.86
36.03,7.03
36.62,7.62
36.69,8.69
36.12,8.12
36.28,8.28
36.45,8.45
36.79,8.79
36.71,8.71
36.83,8.83
36.64,8.64
36.61,8.61
36.35,8.35
36.87,10.87
36.18,10.18
36.39,10.39
36.52,10.52
36.47,10.47
36.59,10.59
36.03,10.03
36.01,10.01
36.24,10.24
36.93,10.93
36.22,11.22
36.96,11.96
36.66,11.66
36.02,11.02
36.19,11.19
36.87,11.87
36.5,11.5
36.46,11.46
36.74,11.74
36.25,11.25
37.0,14.0
36.16,13.16
36.76,13.76
36.59,13.59
36.87,13.87
36.36,13.36
36.99,13.99
36.63,13.63
36.11,13.11
36.2,13.2
36.06,17.06
36.57,17.57
36.65,17.65
36.02,17.02
36.45,17.45
36.52,17.52
36.96,17.96
36.59,17.59
36.26,17.26
36.77,17.77
36.27,23.27
36.4,23.4
36.33,23.33
36.81,23.81
36.94,23.94
36.99,23.99
36.23,23.23
36.55,23.55
36.69,23.69
36.1,23.1
36.39,24.39
36.0,24.0
36.95,24.95
36.31,24.31
36.21,24.21
36.85,24.85
36.3,24.3
36.55,24.55
36.38,24.38
36.23,24.23
36.07,25.07
36.46,25.46
36.46,25.46
36.51,25.51
36.84,25.84
36.7,25.7
36.57,25.57
36.64,25.64
36.78,25.78
36.28,25.28
36.46,35.46
36.05,35.05
36.71,35.71
36.89,35.89
36.94,35.94
36.42,35.42
36.84,35.84
36.86,35.86
36.4,35.4
36.52,35.52
36.66,63.66
36.69,63.69
37.0,64.0
36.0,63.0
36.45,63.45
36.35,63.35
36.73,63.73
36.44,63.44
36.73,63.73
36.0,63.0
37.7,3.7
37.16,3.16
37.01,3.01
37.98,3.98
37.25,3.25
37.42,3.42
37.05,3.05
37.55,3.55
37.89,3.89
37.73,3.73
37.15,4.15
37.83,4.83
37.62,4.62
37.24,4.24
37.66,4.66
37.0,4.0
37.33,4.33
37.46,4.46
37.4,4.4
37.53,4.53
37.21,13.21
37.23,13.23
37.43,13.43
37.75,13.75
37.41,13.41
37.47,13.47
37.77,13.77
37.89,13.89
37.65,13.65
37.32,13.32
37.36,14.36
37.33,14.33
37.5,14.5
37.47,14.47
37.71,14.71
37.73,14.73
37.95,14.95
37.79,14.79
37.82,14.82
37.12,14.12
37.72,15.72
37.58,15.58
37.88,15.88
37.93,15.93
37.18,15.18
37.23,15.23
37.09,15.09
37.48,15.48
38.0,16.0
37.05,15.05
37.94,16.94
37.07,16.07
37.6,16.6
37.36,16.36
37.84,16.84
37.43,16.43
37.52,16.52
37.51,16.51
37.27,16.27
37.27,16.27
37.06,17.06
37.31,17.31
37.31,17.31
37.85,17.85
37.77,17.77
37.09,17.09
37.39,17.39
37.15,17.15
37.9,17.9
37.55,17.55
37.5,35.5
37.48,35.48
37.22,35.22
37.36,35.36
37.47,35.47
37.74,35.74
37.0,35.0
37.58,35.58
37.14,35.14
37.25,35.25
37.83,63.83
37.44,63.44
37.79,63.79
37.22,63.22
37.42,63.42
37.47,63.47
37.13,63.13
37.98,63.98
37.63,63.63
37.63,63.63
38.22,3.22
38.12,3.12
38.34,3.34
38.65,3.65
38.09,3.09
38.22,3.22
38.04,3.04
38.39,3.39
38.64,3.64
38.55,3.55
38.29,13.29
38.79,13.79
38.93,13.93
38.28,13.28
38.42,13.42
38.09,13.09
38.89,13.89
38.27,13.27
38.07,13.07
38.63,13.63
38.18,35.18
38.72,35.72
38.69,35.69
38.66,35.66
38.35,35.35
38.5,35.5
38.78,35.78
38.53,35.53
38.35,35.35
38.31,35.31
38.72,36.72
38.19,36.19
38.44,36.44
38.81,36.81
38.32,36.32
38.57,36.57
38.21,36.21
38.37,36.37
38.76,36.76
38.41,36.41
38.5,37.5
38.73,37.73
38.63,37.63
38.86,37.86
38.74,37.74
38.1,37.1
38.81,37.81
38.83,37.83
38.43,37.43
38.18,37.18
38.49,38.49
38.19,38.19
38.54,38.54
38.48,38.48
38.89,38.89
38.77,38.77
38.55,38.55
38.47,38.47
38.73,38.73
38.43,38.43
38.2,38.2
38.72,38.72
38.4,38.4
38.51,38.51
38.94,38.94
38.58,38.58
38.32,38.32
38.47,38.47
38.24,38.24
38.25,38.25
38.05,39.05
38.66,39.66
38.22,39.22
38.0,39.0
38.04,39.04
38.33,39.33
38.08,39.08
38.57,39.57
38.06,39.06
38.39,39.39
38.78,40.78
38.05,40.05
38.43,40.43
38.2,40.2
38.58,40.58
38.9,40.9
38.98,40.98
38.57,40.57
38.46,40.46
38.03,40.03
38.77,41.77
38.23,41.23
38.66,41.66
38.12,41.12
38.06,41.06
38.76,41.76
38.83,41.83
38.14,41.14
38.09,41.09
38.18,41.18
38.97,42.97
38.93,42.93
38.27,42.27
38.41,42.41
38.8,42.8
38.81,42.81
38.88,42.88
38.41,42.41
38.14,42.14
38.44,42.44
38.04,63.04
38.74,63.74
38.0,63.0
38.67,63.67
38.41,63.41
38.51,63.51
38.44,63.44
38.51,63.51
38.15,63.15
38.12,63.12
38.42,64.42
38.05,64.05
38.12,64.12
38.07,64.07
38.1,64.1
38.57,64.57
38.53,64.53
38.03,64.03
38.23,64.23
38.5,64.5
38.65,65.65
38.47,65.47
38.23,65.23
38.85,65.85
38.51,65.51
38.28,65.28
38.19,65.19
38.66,65.66
38.65,65.65
38.77,65.77
39.85,3.85
39.12,3.12
39.44,3.44
39.01,3.01
39.32,3.32
39.54,3.54
39.92,3.92
39.37,3.37
39.13,3.13
39.23,3.23
39.65,13.65
39.69,13.69
39.69,13.69
39.47,13.47
39.1,13.1
39.52,13.52
39.93,13.93
39.41,13.41
39.13,13.13
39.49,13.49
39.36,36.36
39.86,36.86
39.98,36.98
39.95,36.95
39.29,36.29
39.71,36.71
39.79,36.79
39.73,36.73
39.08,36.08
39.32,36.32
39.05,42.05
39.22,42.22
39.54,42.54
39.58,42.58
39.77,42.77
39.29,42.29
39.17,42.17
39.69,42.69
39.24,42.24
39.17,42.17
39.93,65.93
39.8,65.8
39.65,65.65
39.63,65.63
39.79,65.79
39.71,65.71
39.95,65.95
39.93,65.93
39.91,65.91
39.76,65.76
40.85,3.85
40.18,3.18
40.28,3.2800000000000002
40.79,3.79
40.98,3.98
40.33,3.33
40.26,3.26
40.91,3.91
40.77,3.77
40.36,3.36
40.14,5.14
40.43,5.43
40.64,5.64
40.86,5.86
40.46,5.46
40.43,5.43
40.36,5.36
40.07,5.07
40.67,5.67
40.32,5.32
40.45,5.45
40.02,5.02
40.19,5.19
40.22,5.22
40.02,5.02
40.65,5.65
40.51,5.51
40.2,5.2
40.64,5.64
40.85,5.85
40.34,6.34
40.49,6.49
40.15,6.15
40.87,6.87
40.66,6.66
40.91,6.91
40.7,6.7
40.63,6.63
40.86,6.86
40.23,6.23
40.98,9.98
40.98,9.98
40.31,9.31
40.61,9.61
40.45,9.45
40.93,9.93
40.84,9.84
40.7,9.7
40.05,9.05
40.31,9.31
40.12,10.12
40.57,10.57
40.12,10.12
40.32,10.32
40.47,10.47
40.58,10.58
40.44,10.44
40.57,10.57
40.24,10.24
40.65,10.65
40.37,11.37
40.17,11.17
40.13,11.13
40.67,11.67
40.4,11.4
40.32,11.32
40.71,11.71
40.71,11.71
40.65,11.65
40.76,11.76
40.78,12.78
40.45,12.45
40.57,12.57
40.26,12.26
40.23,12.23
40.0,12.0
40.45,12.45
40.93,12.93
40.5,12.5
40.33,12.33
40.14,13.14
40.02,13.02
40.17,13.17
40.3,13.3
40.62,13.62
40.56,13.56
40.25,13.25
40.47,13.47
40.65,13.65
40.65,13.65
40.61,36.61
40.22,36.22
40.89,36.89
40.97,36.97
40.82,36.82
40.76,36.76
40.1,36.1
40.39,36.39
40.09,36.09
40.58,36.58
40.56,42.56
40.06,42.06
40.3,42.3
40.14,42.14
40.02,42.02
40.31,42.31
40.96,42.96
40.02,42.02
40.56,42.56
40.04,42.04
40.69,65.69
40.94,65.94
40.71,65.71
40.05,65.05
40.72,65.72
40.71,65.71
40.18,65.18
40.02,65.02
40.47,65.47
40.46,65.46
41.24,7.24
41.6,7.6
41.79,7.79
41.02,7.02
41.79,7.79
41.67,7.67
41.21,7.21
41.62,7.62
41.87,7.87
41.54,7.54
41.53,8.53
41.01,8.01
41.1,8.1
41.28,8.28
41.13,8.13
41.82,8.82
41.95,8.95
41.19,8.19
41.55,8.55
41.82,8.82
41.44,9.44
41.88,9.88
41.14,9.14
41.76,9.76
41.98,9.98
41.68,9.68
41.44,9.44
41.33,9.33
41.07,9.07
41.47,9.47
41.65,36.65
41.18,36.18
41.82,36.82
41.87,36.87
41.41,36.41
41.68,36.68
41.44,36.44
41.04,36.04
41.43,36.43
41.64,36.64
41.47,42.47
41.03,42.03
41.9,42.9
41.32,42.32
41.44,42.44
41.41,42.41
41.9,42.9
41.21,42.21
41.18,42.18
41.18,42.18
41.6,43.6
41.99,43.99
41.86,43.86
41.13,43.13
41.32,43.32
41.16,43.16
41.94,43.94
41.11,43.11
41.13,43.13
41.88,43.88
41.31,44.31
41.66,44.66
41.35,44.35
41.41,44.41
41.63,44.63
41.64,44.64
41.59,44.59
41.92,44.92
41.12,44.12
41.82,44.82
41.78,65.78
41.25,65.25
41.27,65.27
41.84,65.84
41.34,65.34
41.86,65.86
41.48,65.48
41.02,65.02
41.14,65.14
41.2,65.2
42.4,35.4
42.17,35.17
42.66,35.66
42.3,35.3
42.53,35.53
42.57,35.57
42.27,35.27
42.65,35.65
42.99,35.99
42.85,35.85
42.3,36.3
42.07,36.07
42.11,36.11
42.18,36.18
42.03,36.03
42.19,36.19
42.05,36.05
42.41,36.41
42.42,36.42
42.31,36.31
42.53,44.53
42.36,44.36
42.35,44.35
42.72,44.72
42.86,44.86
42.57,44.57
42.67,44.67
42.46,44.46
42.42,44.42
42.46,44.46
42.04,64.04
42.29,64.29
42.24,64.24
42.38,64.38
42.17,64.17
42.72,64.72
42.26,64.26
42.96,64.96
42.98,64.98
42.74,64.74
42.63,65.63
42.47,65.47
42.51,65.51
42.3,65.3
42.61,65.61
42.88,65.88
42.9,65.9
42.54,65.54
42.8,65.8
42.63,65.63
43.99,35.99
43.6,35.6
43.4,35.4
43.09,35.09
43.93,35.93
43.81,35.81
43.88,35.88
43.63,35.63
43.69,35.69
43.02,35.02
43.55,44.55
43.79,44.79
43.57,44.57
44.0,45.0
43.66,44.66
43.87,44.87
43.45,44.45
43.71,44.71
43.41,44.41
43.64,44.64
44.25,35.25
44.76,35.76
44.08,35.08
44.49,35.49
44.4,35.4
44.08,35.08
44.88,35.88
44.47,35.47
44.68,35.68
44.91,35.91
44.56,44.56
44.22,44.22
44.87,44.87
44.89,44.89
44.91,44.91
44.27,44.27
44.42,44.42
44.16,44.16
44.56,44.56
44.46,44.46
44.78,64.78
44.95,64.95
44.22,64.22
44.05,64.05
44.74,64.74
44.83,64.83
44.85,64.85
44.35,64.35
44.37,64.37
44.54,64.54
45.73,36.73
45.41,36.41
45.95,36.95
45.45,36.45
45.6,36.6
45.47,36.47
45.1,36.1
45.5,36.5
45.29,36.29
45.49,36.49
45.2,45.2
45.53,45.53
45.23,45.23
45.56,45.56
45.09,45.09
45.74,45.74
45.86,45.86
45.78,45.78
45.76,45.76
45.28,45.28
45.72,63.72
45.79,63.79
45.46,63.46
45.08,63.08
45.12,63.12
45.58,63.58
45.24,63.24
45.48,63.48
45.98,63.98
45.27,63.27
45.17,64.17
45.22,64.22
45.29,64.29
45.67,64.67
45.22,64.22
45.49,64.49
45.47,64.47
45.22,64.22
45.31,64.31
45.55,64.55
46.15,36.15
46.8,36.8
46.96,36.96
46.55,36.55
46.79,36.79
46.56,36.56
46.95,36.95
46.5,36.5
46.59,36.59
46.71,36.71
46.59,37.59
46.7,37.7
46.05,37.05
46.45,37.45
46.91,37.91
46.88,37.88
46.7,37.7
46.52,37.52
46.28,37.28
46.31,37.31
46.53,38.53
46.36,38.36
46.34,38.34
46.05,38.05
46.61,38.61
46.86,38.86
46.53,38.53
46.46,38.46
46.31,38.31
46.05,38.05
46.4,45.4
46.11,45.11
46.04,45.04
46.26,45.26
46.18,45.18
46.66,45.66
46.37,45.37
46.71,45.71
46.27,45.27
46.5,45.5
46.71,64.71
46.92,64.92
46.08,64.08
46.94,64.94
46.36,64.36
46.91,64.91
46.05,64.05
46.04,64.04
46.49,64.49
46.86,64.86
47.01,35.01
47.68,35.68
47.1,35.1
47.47,35.47
47.48,35.48
47.57,35.57
47.66,35.66
47.24,35.24
47.66,35.66
47.49,35.49
47.41,37.41
47.63,37.63
47.61,37.61
47.18,37.18
47.72,37.72
47.54,37.54
47.22,37.22
47.93,37.93
47.75,37.75
47.39,37.39
47.93,38.93
47.79,38.79
47.55,38.55
47.34,38.34
47.63,38.63
47.54,38.54
47.33,38.33
47.24,38.24
48.0,39.0
47.02,38.02
47.45,45.45
47.98,45.98
47.22,45.22
47.6,45.6
47.88,45.88
47.34,45.34
47.34,45.34
47.28,45.28
47.0,45.0
47.6,45.6
47.85,64.85
47.0,64.0
47.97,64.97
47.27,64.27
47.49,64.49
47.33,64.33
47.38,64.38
47.59,64.59
47.31,64.31
47.37,64.37
48.05,35.05
48.55,35.55
48.64,35.64
48.51,35.51
48.09,35.09
48.63,35.63
48.14,35.14
48.29,35.29
48.23,35.23
48.56,35.56
48.99,36.99
48.73,36.73
48.34,36.34
48.63,36.63
48.68,36.68
48.88,36.88
48.77,36.77
48.16,36.16
48.92,36.92
48.98,36.98
48.2,38.2
48.58,38.58
48.55,38.55
49.0,39.0
48.17,38.17
48.21,38.21
48.18,38.18
48.13,38.13
48.94,38.94
48.9,38.9
48.53,44.53
48.13,44.13
48.44,44.44
48.68,44.68
48.87,44.87
48.07,44.07
48.33,44.33
48.24,44.24
48.45,44.45
48.16,44.16
48.91,63.91
48.21,63.21
48.02,63.02
48.98,63.98
48.82,63.82
48.56,63.56
48.58,63.58
48.24,63.24
48.0,63.0
48.87,63.87
48.56,64.56
48.36,64.36
48.33,64.33
49.0,65.0
48.0,64.0
48.89,64.89
48.08,64.08
48.99,64.99
48.64,64.64
48.19,64.19
49.51,36.51
49.53,36.53
49.35,36.35
49.07,36.07
49.37,36.37
49.79,36.79
49.3,36.3
49.55,36.55
49.33,36.33
49.53,36.53
49.16,37.16
49.42,37.42
49.25,37.25
49.41,37.41
49.53,37.53
49.61,37.61
49.33,37.33
49.13,37.13
49.15,37.15
50.0,38.0
49.06,38.06
49.15,38.15
49.85,38.85
49.64,38.64
49.7,38.7
49.43,38.43
49.78,38.78
49.26,38.26
50.0,39.0
49.65,38.65
49.5,44.5
49.39,44.39
50.0,45.0
49.56,44.56
49.58,44.58
49.21,44.21
49.59,44.59
50.0,45.0
49.29,44.29
49.07,44.07
49.88,55.88
49.55,55.55
49.97,55.97
49.46,55.46
49.04,55.04
49.33,55.33
49.36,55.36
49.7,55.7
49.65,55.65
49.94,55.94
49.26,56.26
49.28,56.28
49.6,56.6
49.51,56.51
49.24,56.24
49.81,56.81
49.82,56.82
49.48,56.48
49.74,56.74
49.38,56.38
49.37,57.37
49.25,57.25
49.49,57.49
49.81,57.81
49.19,57.19
49.27,57.27
49.25,57.25
49.31,57.31
49.29,57.29
49.45,57.45
49.71,58.71
49.98,58.98
49.03,58.03
49.55,58.55
49.85,58.85
49.49,58.49
49.97,58.97
49.95,58.95
49.45,58.45
49.94,58.94
49.56,59.56
49.44,59.44
49.87,59.87
49.23,59.23
49.51,59.51
49.46,59.46
49.77,59.77
49.82,59.82
49.78,59.78
49.89,59.89
49.09,63.09
49.72,63.72
49.87,63.87
49.83,63.83
49.0,63.0
49.49,63.49
49.31,63.31
49.77,63.77
49.95,63.95
49.66,63.66
50.99,36.99
50.95,36.95
50.02,36.02
50.25,36.25
50.65,36.65
50.95,36.95
50.24,36.24
50.65,36.65
50.21,36.21
50.0,36.0
50.4,44.4
50.56,44.56
50.13,44.13
50.64,44.64
50.46,44.46
50.39,44.39
50.56,44.56
51.0,45.0
50.42,44.42
50.79,44.79
50.61,50.61
50.78,50.78
50.4,50.4
50.49,50.49
50.2,50.2
50.83,50.83
50.85,50.85
50.21,50.21
50.08,50.08
50.66,50.66
50.33,51.33
50.33,51.33
50.63,51.63
50.76,51.76
50.46,51.46
50.21,51.21
50.85,51.85
50.18,51.18
50.18,51.18
50.52,51.52
50.69,53.69
50.43,53.43
50.92,53.92
50.47,53.47
50.25,53.25
50.34,53.34
50.76,53.76
50.32,53.32
50.25,53.25
50.64,53.64
50.02,54.02
50.82,54.82
50.67,54.67
50.39,54.39
50.06,54.06
50.62,54.62
50.6,54.6
50.56,54.56
50.58,54.58
50.46,54.46
50.57,55.57
50.88,55.88
50.55,55.55
50.23,55.23
50.03,55.03
50.25,55.25
50.02,55.02
50.68,55.68
50.98,55.98
50.48,55.48
50.48,59.48
50.9,59.9
50.14,59.14
50.84,59.84
50.43,59.43
50.12,59.12
50.04,59.04
50.47,59.47
50.94,59.94
50.56,59.56
50.18,60.18
50.34,60.34
50.13,60.13
50.83,60.83
50.39,60.39
50.17,60.17
50.45,60.45
50.37,60.37
50.28,60.28
50.33,60.33
50.33,63.33
50.73,63.73
50.48,63.48
50.19,63.19
50.73,63.73
50.06,63.06
50.91,63.91
50.01,63.01
50.03,63.03
50.42,63.42
51.41,36.41
51.12,36.12
51.06,36.06
51.79,36.79
51.14,36.14
51.13,36.13
51.31,36.31
51.1,36.1
51.78,36.78
51.41,36.41
51.87,46.87
51.33,46.33
51.61,46.61
51.02,46.02
51.35,46.35
51.58,46.58
51.76,46.76
51.12,46.12
51.15,46.15
51.98,46.98
51.2,47.2
51.57,47.57
51.86,47.86
51.02,47.02
51.01,47.01
51.2,47.2
51.4,47.4
51.67,47.67
51.55,47.55
51.07,47.07
51.43,48.43
51.49,48.49
51.64,48.64
51.93,48.93
51.43,48.43
51.46,48.46
51.45,48.45
51.62,48.62
51.1,48.1
51.94,48.94
51.45,49.45
51.65,49.65
51.88,49.88
51.35,49.35
51.29,49.29
51.92,49.92
51.36,49.36
51.56,49.56
51.69,49.69
51.86,49.86
51.23,51.23
51.76,51.76
51.95,51.95
51.7,51.7
51.7,51.7
51.67,51.67
51.8,51.8
51.69,51.69
51.06,51.06
51.63,51.63
51.11,52.11
51.36,52.36
51.55,52.55
51.76,52.76
51.28,52.28
51.71,52.71
51.59,52.59
51.37,52.37
51.76,52.76
51.8,52.8
51.66,53.66
51.41,53.41
51.82,53.82
51.42,53.42
51.14,53.14
51.71,53.71
51.79,53.79
51.91,53.91
51.72,53.72
51.86,53.86
51.22,60.22
51.49,60.49
51.19,60.19
51.75,60.75
51.4,60.4
52.0,61.0
51.06,60.06
51.03,60.03
51.97,60.97
51.1,60.1
51.58,61.58
51.3,61.3
51.53,61.53
51.56,61.56
51.84,61.84
51.67,61.67
51.75,61.75
51.08,61.08
51.14,61.14
51.09,61.09
51.89,62.89
51.97,62.97
51.5,62.5
51.47,62.47
51.44,62.44
51.7,62.7
51.01,62.01
51.1,62.1
51.65,62.65
51.37,62.37
51.73,63.73
51.01,63.01
51.65,63.65
51.64,63.64
51.03,63.03
51.59,63.59
51.03,63.03
51.13,63.13
51.98,63.98
51.85,63.85
52.78,36.78
52.48,36.48
52.41,36.41
52.37,36.37
52.73,36.73
52.15,36.15
52.59,36.59
52.92,36.92
52.41,36.41
52.38,36.38
53.83,36.83
53.79,36.79
53.8,36.8
53.99,36.99
53.27,36.27
53.79,36.79
53.5,36.5
53.22,36.22
53.55,36.55
53.62,36.62
54.89,36.89
54.6,36.6
54.03,36.03
54.23,36.23
54.04,36.04
54.95,36.95
54.99,36.99
54.23,36.23
54.18,36.18
54.14,36.14
55.55,36.55
55.14,36.14
55.94,36.94
55.0,36.0
55.73,36.73
55.59,36.59
55.11,36.11
55.97,36.97
55.23,36.23
55.96,36.96
55.49,36.49
55.26,36.26
55.18,36.18
55.72,36.72
55.14,36.14
55.09,36.09
56.0,37.0
55.1,36.1
55.29,36.29
55.79,36.79
