2.44,30.44
2.18,30.18
2.01,30.01
2.54,30.54
2.23,30.23
3.0,31.0
2.08,30.08
2.34,30.34
2.74,30.74
2.57,30.57
2.68,31.68
2.15,31.15
2.44,31.44
2.95,31.95
2.23,31.23
2.61,31.61
2.35,31.35
2.67,31.67
2.33,31.33
2.75,31.75
2.86,32.86
2.39,32.39
2.22,32.22
2.86,32.86
2.44,32.44
2.24,32.24
2.22,32.22
2.04,32.04
2.52,32.52
2.69,32.69
2.08,33.08
2.51,33.51
2.4699999999999998,33.47
2.98,33.98
2.0,33.0
2.48,33.48
2.34,33.34
2.46,33.46
2.08,33.08
2.38,33.38
2.2,34.2
2.18,34.18
2.04,34.04
2.92,34.92
2.67,34.67
2.87,34.87
2.79,34.79
2.87,34.87
2.59,34.59
2.52,34.52
2.42,35.42
2.24,35.24
2.06,35.06
2.07,35.07
2.63,35.63
2.39,35.39
2.4699999999999998,35.47
2.34,35.34
2.83,35.83
2.09,35.09
3.85,7.85
3.76,7.76
3.34,7.34
3.24,7.24
3.2800000000000002,7.28
3.32,7.32
3.05,7.05
3.7199999999999998,7.72
3.88,7.88
3.15,7.15
3.4,8.4
3.68,8.68
3.95,8.95
3.86,8.86
3.44,8.44
3.82,8.82
3.83,8.83
3.12,8.12
3.87,8.87
3.96,8.96
3.06,9.06
3.61,9.61
3.64,9.64
3.32,9.32
3.98,9.98
3.49,9.49
3.04,9.04
3.82,9.82
3.06,9.06
3.87,9.87
3.7800000000000002,10.78
3.73,10.73
3.02,10.02
3.16,10.16
3.84,10.84
3.73,10.73
3.3,10.3
3.7199999999999998,10.72
3.4699999999999998,10.47
3.02,10.02
3.51,11.51
3.75,11.75
3.17,11.17
3.77,11.77
3.89,11.89
3.84,11.84
3.05,11.05
3.18,11.18
3.7800000000000002,11.78
3.43,11.43
3.6,12.6
3.1,12.1
3.84,12.84
3.25,12.25
3.33,12.33
3.84,12.84
3.15,12.15
3.03,12.03
3.23,12.23
3.71,12.71
3.56,13.56
3.12,13.12
3.84,13.84
3.25,13.25
3.34,13.34
3.74,13.74
3.12,13.12
3.16,13.16
3.59,13.59
3.44,13.44
3.76,24.76
3.34,24.34
3.92,24.92
3.21,24.21
3.93,24.93
3.01,24.01
3.02,24.02
3.01,24.01
3.15,24.15
3.18,24.18
3.69,25.69
3.35,25.35
3.27,25.27
3.23,25.23
3.18,25.18
3.18,25.18
3.81,25.81
3.7800000000000002,25.78
3.64,25.64
3.51,25.51
3.82,26.82
3.88,26.88
3.86,26.86
3.11,26.11
3.07,26.07
3.96,26.96
3.69,26.69
3.74,26.74
3.36,26.36
3.19,26.19
3.46,27.46
3.34,27.34
3.84,27.84
3.7199999999999998,27.72
3.71,27.71
3.12,27.12
3.43,27.43
3.04,27.04
3.45,27.45
3.95,27.95
3.22,28.22
3.6,28.6
3.71,28.71
3.38,28.38
3.8,28.8
3.14,28.14
3.68,28.68
3.05,28.05
3.7199999999999998,28.72
3.64,28.64
3.7,29.7
3.55,29.55
3.33,29.33
3.45,29.45
3.71,29.71
3.32,29.32
3.68,29.68
3.75,29.75
3.3,29.3
3.31,29.31
3.71,30.71
3.63,30.63
3.13,30.13
3.0,30.0
3.18,30.18
3.7,30.7
3.12,30.12
3.81,30.81
3.7,30.7
3.51,30.51
3.07,32.07
3.55,32.55
3.49,32.49
3.42,32.42
3.25,32.25
3.7199999999999998,32.72
3.88,32.88
3.43,32.43
3.86,32.86
3.84,32.84
3.37,35.37
3.21,35.21
3.31,35.31
3.46,35.46
3.64,35.64
3.09,35.09
3.08,35.08
3.65,35.65
3.99,35.99
3.26,35.26
3.04,36.04
3.32,36.32
3.66,36.66
3.09,36.09
3.55,36.55
3.43,36.43
4.0,37.0
3.44,36.44
3.69,36.69
3.48,36.48
3.33,37.33
3.58,37.58
3.36,37.36
3.02,37.02
3.3,37.3
3.9699999999999998,37.97
3.32,37.32
3.7199999999999998,37.72
3.55,37.55
3.87,37.87
4.0,39.0
3.12,38.12
3.35,38.35
3.9,38.9
3.06,38.06
3.29,38.29
3.32,38.32
3.0,38.0
3.08,38.08
3.51,38.51
4.72,7.72
4.42,7.42
4.53,7.53
4.38,7.38
5.0,8.0
4.64,7.64
4.5600000000000005,7.5600000000000005
4.75,7.75
4.1,7.1
4.9399999999999995,7.9399999999999995
4.58,13.58
4.9399999999999995,13.94
4.01,13.01
4.23,13.23
4.62,13.62
4.02,13.02
4.62,13.62
4.19,13.19
4.02,13.02
4.54,13.54
4.43,14.43
4.71,14.71
4.85,14.85
4.16,14.16
4.67,14.67
4.46,14.46
4.47,14.47
4.74,14.74
4.07,14.07
4.76,14.76
4.95,15.95
4.41,15.41
4.83,15.83
4.35,15.35
4.17,15.17
4.66,15.66
4.99,15.99
4.2,15.2
4.99,15.99
4.77,15.77
4.48,16.48
4.19,16.19
4.58,16.58
4.17,16.17
4.67,16.67
4.45,16.45
4.46,16.46
4.65,16.65
4.36,16.36
4.58,16.58
4.8,24.8
4.67,24.67
4.28,24.28
4.82,24.82
4.11,24.11
4.95,24.95
4.88,24.88
4.97,24.97
4.05,24.05
4.19,24.19
4.73,38.73
4.83,38.83
4.28,38.28
4.01,38.01
4.14,38.14
4.84,38.84
4.07,38.07
4.47,38.47
4.61,38.61
4.35,38.35
5.0,1.0
5.26,1.26
5.76,1.76
5.57,1.5699999999999998
5.84,1.8399999999999999
5.3,1.3
5.06,1.06
5.19,1.19
5.25,1.25
5.47,1.47
5.84,2.84
5.41,2.41
5.55,2.55
5.63,2.63
5.02,2.02
5.49,2.49
5.58,2.58
5.28,2.2800000000000002
5.79,2.79
5.46,2.46
5.51,3.51
5.98,3.98
5.98,3.98
5.36,3.36
5.35,3.35
5.73,3.73
5.66,3.66
5.44,3.44
5.14,3.14
5.04,3.04
5.66,4.66
5.64,4.64
5.43,4.43
5.43,4.43
5.24,4.24
5.1,4.1
5.5,4.5
5.32,4.32
5.2,4.2
5.4,4.4
5.76,5.76
5.6899999999999995,5.6899999999999995
5.33,5.33
5.6899999999999995,5.6899999999999995
5.46,5.46
5.97,5.97
5.06,5.06
5.31,5.31
5.97,5.97
5.26,5.26
5.47,6.47
5.25,6.25
5.95,6.95
5.49,6.49
5.72,6.72
5.31,6.31
5.22,6.22
5.02,6.02
5.3,6.3
5.52,6.52
5.78,7.78
5.38,7.38
5.88,7.88
5.08,7.08
5.32,7.32
5.08,7.08
5.73,7.73
5.66,7.66
5.43,7.43
5.91,7.91
5.7,16.7
5.74,16.74
5.28,16.28
5.6,16.6
5.18,16.18
5.83,16.83
5.02,16.02
5.75,16.75
5.01,16.01
5.38,16.38
5.75,24.75
5.13,24.13
5.42,24.42
5.85,24.85
5.57,24.57
5.39,24.39
5.13,24.13
5.4,24.4
5.45,24.45
5.38,24.38
5.68,38.68
5.52,38.52
5.38,38.38
5.9399999999999995,38.94
5.95,38.95
5.8,38.8
5.47,38.47
5.99,38.99
5.84,38.84
5.34,38.34
6.53,1.53
6.34,1.34
6.3,1.3
6.95,1.95
6.83,1.83
6.89,1.8900000000000001
6.97,1.97
6.95,1.95
6.51,1.51
6.95,1.95
6.41,16.41
6.73,16.73
6.11,16.11
6.05,16.05
6.18,16.18
6.49,16.49
6.45,16.45
6.79,16.79
6.98,16.98
6.57,16.57
6.83,17.83
6.92,17.92
6.96,17.96
6.22,17.22
6.14,17.14
6.11,17.11
6.52,17.52
6.57,17.57
6.21,17.21
6.23,17.23
6.22,18.22
6.77,18.77
6.49,18.49
6.51,18.51
6.83,18.83
6.04,18.04
6.44,18.44
6.6,18.6
6.54,18.54
6.57,18.57
6.86,19.86
6.7,19.7
6.86,19.86
6.86,19.86
6.48,19.48
6.42,19.42
7.0,20.0
6.46,19.46
6.98,19.98
6.11,19.11
6.97,20.97
6.77,20.77
6.64,20.64
6.27,20.27
6.01,20.01
6.23,20.23
6.63,20.63
6.52,20.52
6.45,20.45
6.62,20.62
6.84,21.84
6.52,21.52
6.65,21.65
6.63,21.63
6.78,21.78
6.04,21.04
6.76,21.76
6.41,21.41
6.4,21.4
6.24,21.24
6.16,22.16
6.31,22.31
6.75,22.75
6.19,22.19
6.85,22.85
6.61,22.61
6.82,22.82
6.35,22.35
6.22,22.22
6.87,22.87
6.23,23.23
6.31,23.31
6.11,23.11
6.75,23.75
6.79,23.79
6.89,23.89
6.14,23.14
6.41,23.41
6.68,23.68
6.4,23.4
6.77,24.77
6.13,24.13
6.93,24.93
6.76,24.76
6.85,24.85
6.73,24.73
6.72,24.72
6.76,24.76
6.74,24.74
6.08,24.08
6.08,25.08
6.57,25.57
6.8,25.8
6.29,25.29
6.46,25.46
6.28,25.28
6.23,25.23
6.31,25.31
6.52,25.52
6.05,25.05
6.65,26.65
6.52,26.52
6.23,26.23
6.42,26.42
6.04,26.04
6.05,26.05
6.31,26.31
6.22,26.22
6.99,26.99
6.27,26.27
6.77,38.77
6.16,38.16
6.44,38.44
6.72,38.72
6.98,38.98
6.5600000000000005,38.56
6.6,38.6
6.34,38.34
6.51,38.51
6.71,38.71
7.26,1.26
7.24,1.24
7.95,1.95
7.8,1.8
7.51,1.51
7.82,1.8199999999999998
7.49,1.49
7.52,1.52
7.5,1.5
7.92,1.92
7.18,17.18
7.02,17.02
7.7,17.7
7.09,17.09
7.77,17.77
7.08,17.08
7.67,17.67
7.36,17.36
7.49,17.49
7.03,17.03
7.96,23.96
7.61,23.61
7.62,23.62
7.75,23.75
7.23,23.23
7.48,23.48
7.27,23.27
7.06,23.06
7.67,23.67
7.72,23.72
7.9399999999999995,26.94
7.46,26.46
7.68,26.68
7.23,26.23
7.48,26.48
7.18,26.18
7.1,26.1
7.19,26.19
7.0,26.0
7.21,26.21
7.34,38.34
7.54,38.54
7.18,38.18
7.2,38.2
7.58,38.58
7.26,38.26
7.25,38.25
7.18,38.18
7.18,38.18
7.79,38.79
7.62,39.62
7.53,39.53
7.34,39.34
7.42,39.42
7.02,39.02
7.11,39.11
7.76,39.76
7.72,39.72
7.76,39.76
7.32,39.32
8.89,1.8900000000000001
8.87,1.87
8.44,1.44
8.66,1.6600000000000001
8.72,1.72
8.18,1.18
8.39,1.3900000000000001
8.49,1.49
8.06,1.06
8.13,1.13
8.07,15.07
8.85,15.85
8.92,15.92
8.27,15.27
8.07,15.07
8.15,15.15
8.74,15.74
8.76,15.76
8.0,15.0
8.34,15.34
8.01,16.01
8.09,16.09
8.81,16.81
8.94,16.94
8.17,16.17
8.08,16.08
8.83,16.83
8.83,16.83
8.19,16.19
8.7,16.7
8.11,17.11
8.04,17.04
8.81,17.81
8.87,17.87
8.15,17.15
8.18,17.18
8.98,17.98
8.07,17.07
8.35,17.35
8.58,17.58
8.82,18.82
8.96,18.96
8.03,18.03
8.28,18.28
8.53,18.53
8.69,18.69
8.34,18.34
8.32,18.32
8.17,18.17
8.56,18.56
8.59,23.59
8.27,23.27
8.19,23.19
8.94,23.94
8.39,23.39
8.99,23.99
8.42,23.42
8.49,23.49
8.57,23.57
8.17,23.17
8.61,26.61
8.28,26.28
8.16,26.16
8.5,26.5
8.8,26.8
8.79,26.79
8.29,26.29
8.18,26.18
8.57,26.57
8.11,26.11
8.59,39.59
8.75,39.75
8.36,39.36
8.28,39.28
8.64,39.64
8.6,39.6
8.04,39.04
8.33,39.33
8.44,39.44
8.61,39.61
9.44,1.44
9.52,1.52
9.33,1.33
9.59,1.5899999999999999
9.56,1.56
9.95,1.95
9.63,1.63
9.16,1.16
9.95,1.95
9.4,1.4
9.91,15.91
9.35,15.35
9.58,15.58
9.17,15.17
9.21,15.21
9.52,15.52
9.04,15.04
9.13,15.13
9.59,15.59
9.44,15.44
9.45,18.45
9.2,18.2
9.79,18.79
9.84,18.84
9.35,18.35
9.67,18.67
9.02,18.02
9.4,18.4
9.83,18.83
9.53,18.53
9.62,23.62
9.66,23.66
9.15,23.15
9.82,23.82
9.79,23.79
9.54,23.54
9.15,23.15
9.27,23.27
9.78,23.78
9.81,23.81
9.18,26.18
9.15,26.15
9.23,26.23
9.85,26.85
9.71,26.71
9.32,26.32
9.92,26.92
9.62,26.62
9.36,26.36
9.16,26.16
9.63,39.63
9.61,39.61
9.93,39.93
9.06,39.06
9.86,39.86
9.26,39.26
9.09,39.09
9.01,39.01
9.12,39.12
9.41,39.41
10.97,1.97
10.93,1.9300000000000002
10.34,1.34
10.56,1.56
10.82,1.8199999999999998
10.27,1.27
10.46,1.46
10.83,1.83
10.43,1.43
10.9,1.9
10.46,15.46
10.66,15.66
10.56,15.56
10.55,15.55
10.32,15.32
10.93,15.93
10.51,15.51
10.44,15.44
10.93,15.93
10.22,15.22
10.57,18.57
10.82,18.82
10.32,18.32
10.39,18.39
10.05,18.05
10.49,18.49
10.25,18.25
10.4,18.4
10.55,18.55
10.89,18.89
10.21,23.21
10.25,23.25
10.99,23.99
10.6,23.6
10.16,23.16
10.78,23.78
10.26,23.26
10.72,23.72
10.09,23.09
10.01,23.01
10.96,26.96
10.39,26.39
10.66,26.66
10.61,26.61
10.21,26.21
10.74,26.74
10.97,26.97
10.88,26.88
10.87,26.87
10.12,26.12
10.6,27.6
10.34,27.34
10.28,27.28
10.52,27.52
10.25,27.25
10.01,27.01
10.72,27.72
10.17,27.17
10.9,27.9
11.0,28.0
10.25,28.25
10.64,28.64
10.89,28.89
10.76,28.76
10.73,28.73
10.56,28.56
10.86,28.86
10.63,28.63
10.93,28.93
10.58,28.58
10.23,29.23
10.41,29.41
10.23,29.23
10.52,29.52
10.07,29.07
10.21,29.21
10.92,29.92
10.34,29.34
10.72,29.72
10.49,29.49
10.75,30.75
10.95,30.95
10.84,30.84
10.36,30.36
10.72,30.72
10.54,30.54
10.46,30.46
10.88,30.88
10.45,30.45
10.05,30.05
10.96,39.96
10.4,39.4
10.34,39.34
10.73,39.73
10.59,39.59
10.89,39.89
10.52,39.52
10.26,39.26
10.68,39.68
10.6,39.6
11.87,1.87
11.25,1.25
11.03,1.03
11.76,1.76
11.77,1.77
11.91,1.9100000000000001
11.74,1.74
11.44,1.44
11.23,1.23
11.89,1.8900000000000001
11.65,15.65
11.23,15.23
11.6,15.6
11.06,15.06
11.09,15.09
11.99,15.99
11.78,15.78
11.26,15.26
11.49,15.49
11.55,15.55
11.02,18.02
11.58,18.58
11.57,18.57
11.48,18.48
11.98,18.98
11.63,18.63
11.84,18.84
11.8,18.8
11.47,18.47
11.4,18.4
11.9,19.9
11.86,19.86
11.92,19.92
11.28,19.28
11.66,19.66
11.17,19.17
11.22,19.22
11.18,19.18
11.35,19.35
11.18,19.18
11.88,23.88
11.07,23.07
11.49,23.49
11.98,23.98
11.0,23.0
11.08,23.08
11.0,23.0
11.51,23.51
11.26,23.26
11.62,23.62
11.89,30.89
11.97,30.97
11.11,30.11
11.44,30.44
11.76,30.76
11.58,30.58
11.37,30.37
11.46,30.46
11.97,30.97
11.17,30.17
11.99,37.99
11.4,37.4
11.37,37.37
11.02,37.02
11.16,37.16
11.36,37.36
11.59,37.59
11.87,37.87
11.08,37.08
11.95,37.95
11.85,38.85
11.92,38.92
11.98,38.98
11.15,38.15
11.48,38.48
11.09,38.09
11.95,38.95
11.58,38.58
11.29,38.29
11.69,38.69
11.98,39.98
11.22,39.22
11.82,39.82
11.93,39.93
11.02,39.02
11.57,39.57
11.61,39.61
11.66,39.66
11.53,39.53
11.59,39.59
12.61,1.6099999999999999
12.8,1.8
12.83,1.83
12.25,1.25
12.58,1.58
12.35,1.35
12.37,1.37
12.44,1.44
12.2,1.2
12.4,1.4
12.17,2.17
12.81,2.81
12.04,2.04
12.89,2.89
12.53,2.5300000000000002
12.05,2.05
12.95,2.95
12.53,2.5300000000000002
13.0,3.0
12.75,2.75
12.36,3.36
12.62,3.62
12.97,3.9699999999999998
12.22,3.22
12.65,3.65
12.8,3.8
12.14,3.14
12.32,3.32
12.67,3.67
12.05,3.05
12.81,11.81
12.7,11.7
12.1,11.1
12.23,11.23
12.77,11.77
12.64,11.64
12.15,11.15
12.56,11.56
12.28,11.28
12.75,11.75
12.6,12.6
12.47,12.47
12.31,12.31
12.23,12.23
12.85,12.85
12.12,12.12
12.51,12.51
12.23,12.23
12.24,12.24
12.75,12.75
12.2,13.2
12.75,13.75
12.33,13.33
12.43,13.43
12.64,13.64
12.53,13.53
12.61,13.61
12.55,13.55
12.18,13.18
12.22,13.22
12.24,14.24
12.71,14.71
12.63,14.63
12.38,14.38
12.5,14.5
12.2,14.2
12.26,14.26
12.09,14.09
12.29,14.29
12.44,14.44
12.9,15.9
12.13,15.13
12.0,15.0
12.13,15.13
12.47,15.47
12.22,15.22
12.14,15.14
12.19,15.19
12.03,15.03
12.09,15.09
12.39,19.39
12.76,19.76
12.54,19.54
12.22,19.22
12.86,19.86
12.42,19.42
12.37,19.37
12.86,19.86
12.59,19.59
12.32,19.32
12.82,22.82
12.87,22.87
12.27,22.27
12.78,22.78
12.37,22.37
12.23,22.23
12.58,22.58
12.72,22.72
12.24,22.24
12.49,22.49
12.05,23.05
12.39,23.39
12.66,23.66
12.37,23.37
12.46,23.46
12.3,23.3
12.05,23.05
12.7,23.7
12.07,23.07
12.23,23.23
12.93,30.93
12.01,30.01
12.82,30.82
12.02,30.02
12.6,30.6
12.76,30.76
12.41,30.41
12.65,30.65
12.03,30.03
12.35,30.35
12.25,35.25
12.59,35.59
12.69,35.69
12.43,35.43
12.74,35.74
12.36,35.36
12.64,35.64
12.2,35.2
12.11,35.11
12.54,35.54
12.56,36.56
12.84,36.84
12.84,36.84
12.45,36.45
12.91,36.91
12.18,36.18
12.02,36.02
12.66,36.66
12.42,36.42
12.79,36.79
12.47,37.47
12.0,37.0
12.03,37.03
12.59,37.59
12.75,37.75
12.4,37.4
12.05,37.05
12.25,37.25
13.0,38.0
12.96,37.96
13.87,3.87
13.09,3.09
13.81,3.81
13.29,3.29
13.89,3.89
13.33,3.33
13.69,3.69
13.19,3.19
13.76,3.76
13.03,3.03
13.82,11.82
13.74,11.74
13.77,11.77
13.46,11.46
13.32,11.32
13.84,11.84
13.26,11.26
13.45,11.45
13.0,11.0
13.14,11.14
13.49,19.49
13.42,19.42
13.78,19.78
13.91,19.91
13.55,19.55
13.27,19.27
13.35,19.35
13.01,19.01
13.18,19.18
13.91,19.91
13.27,22.27
13.79,22.79
13.47,22.47
13.22,22.22
13.78,22.78
13.54,22.54
13.12,22.12
13.11,22.11
13.82,22.82
13.22,22.22
13.02,30.02
13.96,30.96
13.53,30.53
13.62,30.62
13.35,30.35
13.74,30.74
13.34,30.34
13.75,30.75
13.34,30.34
13.18,30.18
13.71,33.71
13.28,33.28
13.53,33.53
13.57,33.57
13.85,33.85
13.02,33.02
13.74,33.74
13.46,33.46
13.54,33.54
13.07,33.07
13.24,34.24
13.38,34.38
13.14,34.14
13.09,34.09
13.3,34.3
13.86,34.86
13.81,34.81
13.87,34.87
13.36,34.36
13.21,34.21
13.22,35.22
13.44,35.44
13.8,35.8
13.21,35.21
13.74,35.74
13.68,35.68
13.57,35.57
13.68,35.68
13.28,35.28
13.29,35.29
14.88,3.88
14.06,3.06
14.73,3.73
14.93,3.93
14.79,3.79
14.07,3.07
14.42,3.42
14.08,3.08
14.74,3.74
14.3,3.3
14.24,4.24
14.73,4.73
14.64,4.64
14.97,4.97
14.49,4.49
14.75,4.75
14.38,4.38
14.67,4.67
14.09,4.09
14.15,4.15
14.45,5.45
14.95,5.95
14.11,5.11
14.94,5.9399999999999995
14.37,5.37
14.44,5.44
14.05,5.05
14.66,5.66
14.44,5.44
14.97,5.97
14.93,6.93
14.66,6.66
14.04,6.04
14.36,6.36
14.31,6.31
14.0,6.0
14.97,6.97
14.79,6.79
14.24,6.24
14.8,6.8
14.09,7.09
14.05,7.05
14.31,7.31
14.81,7.8100000000000005
14.09,7.09
14.58,7.58
14.93,7.93
14.29,7.29
14.85,7.85
14.63,7.63
14.2,8.2
14.4,8.4
14.25,8.25
14.32,8.32
14.78,8.78
14.53,8.53
14.33,8.33
14.58,8.58
14.64,8.64
14.59,8.59
14.64,9.64
14.16,9.16
14.6,9.6
14.13,9.13
14.12,9.12
14.38,9.38
14.48,9.48
14.62,9.62
14.42,9.42
14.0,9.0
14.88,10.88
14.2,10.2
14.29,10.29
14.4,10.4
14.81,10.81
14.27,10.27
14.41,10.41
14.73,10.73
14.76,10.76
14.62,10.62
15.0,12.0
14.02,11.02
14.15,11.15
14.17,11.17
14.81,11.81
14.8,11.8
14.72,11.72
14.64,11.64
14.04,11.04
14.24,11.24
14.27,19.27
14.28,19.28
14.85,19.85
14.82,19.82
14.39,19.39
14.64,19.64
14.3,19.3
14.74,19.74
14.14,19.14
14.8,19.8
14.7,22.7
14.17,22.17
14.41,22.41
14.59,22.59
14.74,22.74
14.31,22.31
14.74,22.74
14.22,22.22
14.63,22.63
14.39,22.39
14.98,30.98
14.25,30.25
14.52,30.52
14.28,30.28
14.94,30.94
14.88,30.88
14.55,30.55
14.16,30.16
14.69,30.69
14.75,30.75
14.95,31.95
14.74,31.74
14.01,31.01
14.84,31.84
14.13,31.13
14.97,31.97
14.36,31.36
14.86,31.86
14.21,31.21
14.06,31.06
14.85,32.85
14.92,32.92
14.68,32.68
14.89,32.89
14.6,32.6
14.15,32.15
14.76,32.76
14.98,32.98
14.77,32.77
14.32,32.32
14.29,33.29
14.79,33.79
14.06,33.06
14.6,33.6
14.93,33.93
14.18,33.18
14.63,33.63
14.05,33.05
14.32,33.32
14.69,33.69
15.41,18.41
15.69,18.69
15.68,18.68
15.1,18.1
15.58,18.58
15.84,18.84
15.98,18.98
15.87,18.87
15.12,18.12
15.42,18.42
15.97,19.97
15.23,19.23
15.98,19.98
15.46,19.46
15.43,19.43
15.89,19.89
15.52,19.52
15.93,19.93
15.34,19.34
15.8,19.8
15.3,22.3
15.33,22.33
15.81,22.81
15.39,22.39
15.9,22.9
15.83,22.83
15.5,22.5
15.43,22.43
15.54,22.54
15.89,22.89
16.43,18.43
16.81,18.81
16.66,18.66
16.64,18.64
16.97,18.97
16.82,18.82
16.91,18.91
16.01,18.01
16.06,18.06
16.57,18.57
16.45,22.45
16.15,22.15
16.19,22.19
16.0,22.0
16.38,22.38
16.57,22.57
16.43,22.43
16.95,22.95
16.35,22.35
16.72,22.72
16.62,23.62
16.91,23.91
16.39,23.39
16.85,23.85
16.71,23.71
16.94,23.94
16.78,23.78
16.59,23.59
16.02,23.02
16.3,23.3
17.99,3.99
17.27,3.27
17.79,3.79
17.31,3.31
17.47,3.4699999999999998
17.9,3.9
17.69,3.69
17.6,3.6
17.1,3.1
17.54,3.54
17.09,4.09
17.28,4.28
17.25,4.25
18.0,5.0
17.92,4.92
17.26,4.26
17.43,4.43
17.7,4.7
17.26,4.26
17.75,4.75
17.67,5.67
17.36,5.36
17.35,5.35
17.7,5.7
17.51,5.51
17.48,5.48
17.84,5.84
17.51,5.51
17.83,5.83
17.54,5.54
17.47,6.47
17.06,6.06
17.17,6.17
17.57,6.57
17.45,6.45
17.09,6.09
17.7,6.7
17.96,6.96
17.38,6.38
17.41,6.41
17.94,7.9399999999999995
17.09,7.09
17.56,7.5600000000000005
17.58,7.58
17.5,7.5
17.23,7.23
17.16,7.16
17.24,7.24
17.79,7.79
17.21,7.21
17.24,8.24
17.09,8.09
17.51,8.51
17.29,8.29
17.17,8.17
17.5,8.5
17.87,8.87
17.42,8.42
17.2,8.2
17.8,8.8
17.64,9.64
17.26,9.26
17.09,9.09
17.02,9.02
17.29,9.29
17.16,9.16
17.6,9.6
17.48,9.48
17.69,9.69
17.77,9.77
17.92,10.92
17.71,10.71
17.41,10.41
17.27,10.27
17.04,10.04
17.81,10.81
17.68,10.68
17.57,10.57
17.66,10.66
17.7,10.7
17.99,11.99
17.47,11.47
17.79,11.79
17.31,11.31
17.99,11.99
17.46,11.46
17.23,11.23
17.7,11.7
17.03,11.03
17.64,11.64
17.77,18.77
17.63,18.63
17.53,18.53
17.99,18.99
17.81,18.81
17.44,18.44
17.72,18.72
17.06,18.06
17.57,18.57
17.36,18.36
17.97,23.97
17.04,23.04
17.3,23.3
17.1,23.1
17.14,23.14
17.8,23.8
17.04,23.04
17.26,23.26
17.38,23.38
17.36,23.36
18.68,3.68
18.15,3.15
18.68,3.68
18.65,3.65
18.63,3.63
18.36,3.36
18.29,3.29
18.85,3.85
18.52,3.52
18.61,3.61
18.59,11.59
18.04,11.04
18.17,11.17
18.73,11.73
18.06,11.06
18.46,11.46
18.29,11.29
18.69,11.69
18.11,11.11
18.37,11.37
18.61,18.61
18.56,18.56
18.0,18.0
18.26,18.26
18.62,18.62
18.67,18.67
18.54,18.54
18.29,18.29
18.26,18.26
18.96,18.96
18.47,23.47
18.42,23.42
18.92,23.92
18.65,23.65
18.78,23.78
18.26,23.26
18.21,23.21
18.55,23.55
18.98,23.98
18.74,23.74
19.64,0.64
19.12,0.12
19.51,0.51
19.58,0.58
19.08,0.08
19.11,0.11
19.17,0.17
19.85,0.85
19.06,0.06
19.25,0.25
19.33,1.33
19.64,1.6400000000000001
19.47,1.47
19.11,1.11
19.14,1.1400000000000001
19.73,1.73
19.43,1.43
19.3,1.3
19.48,1.48
19.62,1.62
19.97,2.9699999999999998
19.75,2.75
19.72,2.7199999999999998
19.0,2.0
19.16,2.16
19.26,2.26
19.2,2.2
19.35,2.35
19.57,2.57
19.17,2.17
19.23,3.23
19.16,3.16
19.23,3.23
19.46,3.46
19.99,3.99
19.33,3.33
19.18,3.18
19.3,3.3
19.26,3.26
19.51,3.51
19.33,11.33
19.05,11.05
19.17,11.17
19.93,11.93
19.24,11.24
19.37,11.37
19.39,11.39
19.48,11.48
19.33,11.33
19.72,11.72
19.97,18.97
19.14,18.14
19.26,18.26
19.45,18.45
19.7,18.7
19.98,18.98
19.45,18.45
19.53,18.53
19.14,18.14
19.96,18.96
19.69,19.69
19.49,19.49
19.48,19.48
19.18,19.18
19.89,19.89
19.02,19.02
19.16,19.16
19.6,19.6
19.77,19.77
19.9,19.9
19.91,20.91
19.46,20.46
19.35,20.35
19.59,20.59
19.99,20.99
19.65,20.65
19.47,20.47
19.98,20.98
19.49,20.49
19.15,20.15
19.68,21.68
19.22,21.22
19.19,21.19
19.06,21.06
19.88,21.88
19.36,21.36
19.18,21.18
19.23,21.23
19.84,21.84
19.91,21.91
19.37,22.37
19.34,22.34
19.36,22.36
19.97,22.97
19.26,22.26
19.96,22.96
19.62,22.62
20.0,23.0
19.71,22.71
19.89,22.89
20.23,0.23
20.98,0.98
20.4,0.4
20.39,0.39
20.01,0.01
20.32,0.32
20.39,0.39
20.48,0.48
20.82,0.82
20.09,0.09
20.6,11.6
20.98,11.98
20.0,11.0
20.4,11.4
20.73,11.73
20.19,11.19
20.16,11.16
20.28,11.28
20.31,11.31
20.54,11.54
20.46,12.46
20.76,12.76
20.63,12.63
20.21,12.21
20.57,12.57
20.07,12.07
20.82,12.82
20.66,12.66
20.95,12.95
20.11,12.11
20.7,13.7
20.9,13.9
20.68,13.68
20.14,13.14
20.77,13.77
20.32,13.32
20.93,13.93
20.31,13.31
20.92,13.92
20.77,13.77
21.0,15.0
20.48,14.48
20.4,14.4
20.13,14.13
20.07,14.07
20.91,14.91
20.47,14.47
20.74,14.74
20.61,14.61
20.06,14.06
20.48,18.48
20.38,18.38
20.88,18.88
20.85,18.85
20.15,18.15
20.89,18.89
20.28,18.28
20.24,18.24
20.98,18.98
20.58,18.58
20.13,20.13
20.45,20.45
20.27,20.27
20.21,20.21
20.22,20.22
20.1,20.1
20.53,20.53
20.54,20.54
20.65,20.65
20.4,20.4
21.76,0.76
21.9,0.9
21.55,0.55
21.74,0.74
21.6,0.6
21.93,0.93
21.65,0.65
21.85,0.85
21.53,0.53
21.42,0.42
21.34,14.34
21.64,14.64
21.5,14.5
21.19,14.19
21.23,14.23
21.6,14.6
21.93,14.93
21.55,14.55
21.54,14.54
21.2,14.2
21.61,18.61
21.61,18.61
21.02,18.02
21.38,18.38
21.19,18.19
21.13,18.13
21.86,18.86
21.55,18.55
21.17,18.17
21.83,18.83
21.48,20.48
21.26,20.26
21.32,20.32
21.54,20.54
21.64,20.64
21.85,20.85
21.88,20.88
21.24,20.24
22.0,21.0
22.0,21.0
23.0,1.0
22.47,0.47
22.55,0.55
22.24,0.24
22.88,0.88
22.25,0.25
22.22,0.22
22.16,0.16
22.29,0.29
22.46,0.46
22.22,14.22
22.77,14.77
22.9,14.9
22.36,14.36
22.78,14.78
22.9,14.9
22.35,14.35
22.99,14.99
22.7,14.7
22.17,14.17
22.57,18.57
22.58,18.58
22.73,18.73
22.74,18.74
22.8,18.8
22.63,18.63
22.33,18.33
22.83,18.83
22.14,18.14
22.58,18.58
22.04,19.04
22.22,19.22
22.13,19.13
22.78,19.78
22.15,19.15
22.77,19.77
22.7,19.7
22.67,19.67
22.72,19.72
22.02,19.02
22.8,20.8
22.54,20.54
22.43,20.43
22.84,20.84
22.75,20.75
22.63,20.63
22.11,20.11
22.48,20.48
22.76,20.76
22.6,20.6
23.02,0.02
23.15,0.15
23.26,0.26
23.29,0.29
23.87,0.87
23.67,0.67
23.62,0.62
23.73,0.73
23.14,0.14
23.99,0.99
23.98,1.98
23.6,1.6
23.83,1.83
23.99,1.99
23.08,1.08
23.3,1.3
23.98,1.98
23.27,1.27
23.63,1.63
23.62,1.62
23.61,14.61
23.33,14.33
23.6,14.6
23.98,14.98
23.25,14.25
23.76,14.76
23.63,14.63
23.12,14.12
23.8,14.8
23.31,14.31
23.7,15.7
23.5,15.5
23.16,15.16
23.23,15.23
23.8,15.8
23.92,15.92
23.5,15.5
23.73,15.73
23.02,15.02
23.18,15.18
23.22,16.22
23.37,16.37
23.67,16.67
23.99,16.99
23.53,16.53
23.54,16.54
23.94,16.94
23.76,16.76
23.77,16.77
23.43,16.43
23.16,17.16
23.11,17.11
23.99,17.99
23.78,17.78
23.17,17.17
23.4,17.4
23.16,17.16
23.21,17.21
23.36,17.36
23.64,17.64
23.06,18.06
23.58,18.58
23.59,18.59
23.34,18.34
23.39,18.39
23.44,18.44
23.56,18.56
23.87,18.87
23.2,18.2
23.96,18.96
23.96,19.96
23.36,19.36
23.31,19.31
23.74,19.74
23.8,19.8
23.15,19.15
23.31,19.31
23.14,19.14
23.05,19.05
23.35,19.35
24.12,1.12
24.26,1.26
24.02,1.02
24.94,1.94
24.83,1.83
24.59,1.5899999999999999
24.22,1.22
24.93,1.9300000000000002
24.06,1.06
24.85,1.85
24.88,15.88
24.35,15.35
24.53,15.53
24.63,15.63
24.52,15.52
24.37,15.37
24.04,15.04
24.64,15.64
24.27,15.27
24.97,15.97
24.18,19.18
24.43,19.43
24.55,19.55
24.31,19.31
24.79,19.79
24.43,19.43
24.08,19.08
24.91,19.91
24.19,19.19
24.94,19.94
25.77,1.77
25.3,1.3
25.29,1.29
25.29,1.29
25.47,1.47
25.11,1.11
25.35,1.35
25.0,1.0
25.21,1.21
25.0,1.0
25.35,15.35
25.41,15.41
26.0,16.0
25.0,15.0
25.32,15.32
25.88,15.88
25.86,15.86
25.46,15.46
25.35,15.35
25.04,15.04
25.82,19.82
25.68,19.68
25.13,19.13
25.28,19.28
25.71,19.71
25.58,19.58
25.78,19.78
25.39,19.39
25.07,19.07
25.27,19.27
25.52,20.52
25.54,20.54
25.58,20.58
25.99,20.99
25.44,20.44
26.0,21.0
25.0,20.0
25.65,20.65
25.93,20.93
25.57,20.57
26.82,0.82
26.1,0.1
27.0,1.0
26.25,0.25
26.8,0.8
26.2,0.2
26.87,0.87
26.69,0.69
26.57,0.57
26.49,0.49
26.1,1.1
26.34,1.34
26.19,1.19
26.27,1.27
26.31,1.31
26.11,1.11
26.31,1.31
26.3,1.3
26.36,1.3599999999999999
26.53,1.53
26.14,5.14
26.01,5.01
26.51,5.51
26.28,5.28
26.42,5.42
26.21,5.21
26.86,5.86
26.85,5.85
26.53,5.53
26.3,5.3
26.97,6.97
26.53,6.53
26.6,6.6
26.64,6.64
26.16,6.16
26.75,6.75
26.04,6.04
26.52,6.52
26.09,6.09
26.91,6.91
26.88,7.88
26.03,7.03
26.41,7.41
26.98,7.98
26.55,7.55
26.27,7.27
26.72,7.72
26.16,7.16
26.77,7.77
26.56,7.5600000000000005
26.13,8.13
26.76,8.76
26.65,8.65
26.91,8.91
26.28,8.28
26.55,8.55
26.86,8.86
26.2,8.2
26.05,8.05
26.2,8.2
26.68,15.68
26.78,15.78
27.0,16.0
26.13,15.13
26.65,15.65
26.95,15.95
26.37,15.37
26.08,15.08
26.2,15.2
26.16,15.16
26.33,20.33
26.34,20.34
26.38,20.38
26.61,20.61
26.23,20.23
26.12,20.12
26.11,20.11
26.53,20.53
26.51,20.51
26.13,20.13
27.91,0.91
27.35,0.35
27.59,0.59
27.09,0.09
27.06,0.06
27.71,0.71
27.01,0.01
27.34,0.34
27.9,0.9
27.88,0.88
27.59,5.59
27.63,5.63
27.0,5.0
27.54,5.54
27.76,5.76
27.3,5.3
27.75,5.75
27.57,5.57
27.7,5.7
27.53,5.53
27.1,8.1
27.36,8.36
27.64,8.64
27.69,8.69
27.48,8.48
28.0,9.0
27.39,8.39
27.5,8.5
27.03,8.03
27.25,8.25
27.92,15.92
27.21,15.21
27.53,15.53
27.48,15.48
27.86,15.86
27.5,15.5
27.25,15.25
27.99,15.99
27.95,15.95
28.0,16.0
27.11,20.11
27.99,20.99
27.96,20.96
27.75,20.75
27.08,20.08
27.71,20.71
27.49,20.49
27.18,20.18
27.21,20.21
27.34,20.34
28.99,0.99
28.78,0.78
28.36,0.36
28.29,0.29
28.09,0.09
28.97,0.97
28.53,0.53
28.43,0.43
28.06,0.06
28.43,0.43
28.52,1.52
28.25,1.25
28.66,1.6600000000000001
29.0,2.0
28.32,1.32
29.0,2.0
28.19,1.19
28.7,1.7
28.07,1.07
28.46,1.46
28.14,2.14
28.49,2.49
28.73,2.73
28.83,2.83
28.81,2.81
28.99,2.99
28.1,2.1
28.33,2.33
28.9,2.9
28.16,2.16
28.91,3.91
28.23,3.23
28.01,3.01
28.9,3.9
28.59,3.59
28.54,3.54
28.64,3.64
28.71,3.71
28.06,3.06
28.84,3.84
28.93,4.93
28.88,4.88
28.28,4.28
28.56,4.5600000000000005
28.59,4.59
28.92,4.92
28.74,4.74
28.94,4.9399999999999995
28.56,4.5600000000000005
28.74,4.74
28.48,5.48
28.39,5.39
28.41,5.41
28.5,5.5
28.99,5.99
28.83,5.83
28.91,5.91
28.66,5.66
28.28,5.28
28.94,5.9399999999999995
28.24,8.24
28.32,8.32
28.56,8.56
28.85,8.85
28.29,8.29
28.89,8.89
28.11,8.11
28.98,8.98
28.78,8.78
28.47,8.47
28.72,12.72
28.33,12.33
28.27,12.27
28.01,12.01
28.86,12.86
28.26,12.26
28.45,12.45
28.03,12.03
28.92,12.92
28.02,12.02
28.96,13.96
28.95,13.95
28.2,13.2
28.73,13.73
28.04,13.04
28.77,13.77
28.15,13.15
28.65,13.65
28.48,13.48
28.78,13.78
28.85,14.85
28.23,14.23
28.55,14.55
28.79,14.79
28.27,14.27
28.31,14.31
28.68,14.68
28.13,14.13
28.54,14.54
28.43,14.43
28.89,15.89
28.3,15.3
28.82,15.82
28.66,15.66
28.76,15.76
28.71,15.71
28.6,15.6
28.64,15.64
28.86,15.86
28.89,15.89
28.25,18.25
28.83,18.83
28.81,18.81
28.54,18.54
28.36,18.36
28.24,18.24
28.32,18.32
28.48,18.48
28.16,18.16
28.92,18.92
28.46,19.46
28.46,19.46
28.9,19.9
28.71,19.71
28.25,19.25
28.81,19.81
28.39,19.39
28.39,19.39
28.06,19.06
28.63,19.63
28.77,20.77
29.0,21.0
28.67,20.67
28.84,20.84
28.46,20.46
28.01,20.01
28.36,20.36
28.97,20.97
28.57,20.57
28.88,20.88
29.47,8.47
29.02,8.02
29.65,8.65
29.03,8.03
29.07,8.07
29.3,8.3
29.97,8.97
29.87,8.87
29.57,8.57
29.39,8.39
29.87,9.87
29.4,9.4
29.32,9.32
29.68,9.68
29.04,9.04
29.07,9.07
29.18,9.18
29.0,9.0
29.53,9.53
29.45,9.45
29.32,10.32
30.0,11.0
29.13,10.13
30.0,11.0
29.92,10.92
29.21,10.21
29.17,10.17
29.06,10.06
29.73,10.73
29.22,10.22
29.39,11.39
29.14,11.14
29.28,11.28
29.07,11.07
29.42,11.42
29.47,11.47
29.84,11.84
30.0,12.0
29.91,11.91
30.0,12.0
29.59,12.59
29.27,12.27
29.6,12.6
29.51,12.51
29.74,12.74
29.43,12.43
29.68,12.68
29.91,12.91
29.83,12.83
29.78,12.78
29.56,18.56
29.23,18.23
29.7,18.7
29.59,18.59
29.41,18.41
29.53,18.53
29.42,18.42
29.74,18.74
29.4,18.4
29.03,18.03
30.38,18.38
30.27,18.27
30.36,18.36
30.19,18.19
30.86,18.86
30.33,18.33
30.9,18.9
30.88,18.88
30.59,18.59
30.75,18.75
31.0,4.0
31.58,4.58
31.97,4.97
31.66,4.66
31.04,4.04
31.3,4.3
31.07,4.07
31.38,4.38
31.33,4.33
31.82,4.82
31.48,5.48
31.52,5.52
31.82,5.82
31.17,5.17
31.02,5.02
31.8,5.8
31.63,5.63
31.13,5.13
31.15,5.15
31.69,5.6899999999999995
31.6,6.6
31.66,6.66
31.29,6.29
31.76,6.76
31.2,6.2
31.99,6.99
31.32,6.32
31.29,6.29
31.68,6.68
31.77,6.77
31.9,7.9
31.58,7.58
31.47,7.47
31.23,7.23
31.14,7.14
31.03,7.03
31.0,7.0
31.96,7.96
31.89,7.89
31.42,7.42
31.63,18.63
31.53,18.53
31.3,18.3
31.98,18.98
31.66,18.66
31.18,18.18
31.44,18.44
31.05,18.05
31.32,18.32
31.99,18.99
32.0,4.0
32.53,4.53
32.16,4.16
32.58,4.58
32.65,4.65
32.25,4.25
32.03,4.03
32.16,4.16
32.91,4.91
32.7,4.7
32.87,7.87
32.72,7.72
32.22,7.22
32.48,7.48
33.0,8.0
32.22,7.22
32.35,7.35
32.97,7.97
32.58,7.58
32.67,7.67
32.06,8.06
32.67,8.67
32.4,8.4
32.7,8.7
32.45,8.45
32.73,8.73
32.79,8.79
32.71,8.71
32.3,8.3
32.36,8.36
32.34,9.34
32.5,9.5
32.7,9.7
32.56,9.56
32.58,9.58
32.84,9.84
32.33,9.33
32.22,9.22
32.02,9.02
32.92,9.92
32.39,10.39
32.52,10.52
32.38,10.38
32.78,10.78
32.42,10.42
32.37,10.37
32.78,10.78
32.62,10.62
32.92,10.92
32.34,10.34
32.19,11.19
32.52,11.52
32.09,11.09
32.94,11.94
32.34,11.34
32.43,11.43
32.61,11.61
32.5,11.5
32.33,11.33
32.11,11.11
32.16,18.16
32.9,18.9
32.73,18.73
32.51,18.51
32.99,18.99
32.02,18.02
32.81,18.81
32.89,18.89
32.93,18.93
32.64,18.64
33.91,1.9100000000000001
33.69,1.69
33.25,1.25
33.18,1.18
33.2,1.2
33.27,1.27
33.03,1.03
33.01,1.01
33.03,1.03
33.14,1.1400000000000001
33.52,2.52
33.16,2.16
33.32,2.32
33.13,2.13
33.65,2.65
33.15,2.15
33.16,2.16
33.19,2.19
33.58,2.58
33.31,2.31
33.69,3.69
33.81,3.81
33.39,3.39
33.14,3.14
33.83,3.83
33.56,3.56
33.0,3.0
33.25,3.25
33.51,3.51
33.42,3.42
33.79,4.79
33.07,4.07
33.17,4.17
33.96,4.96
33.5,4.5
33.94,4.9399999999999995
33.65,4.65
33.02,4.02
33.25,4.25
33.94,4.9399999999999995
33.16,11.16
33.14,11.14
33.77,11.77
33.21,11.21
33.79,11.79
33.31,11.31
33.17,11.17
33.79,11.79
33.63,11.63
33.65,11.65
33.8,12.8
33.04,12.04
33.42,12.42
33.3,12.3
33.42,12.42
33.04,12.04
33.45,12.45
33.69,12.69
33.94,12.94
33.03,12.03
33.19,13.19
33.54,13.54
33.95,13.95
33.86,13.86
33.49,13.49
33.49,13.49
33.23,13.23
33.87,13.87
33.29,13.29
33.04,13.04
33.04,18.04
33.45,18.45
33.74,18.74
33.54,18.54
33.34,18.34
33.15,18.15
33.1,18.1
33.09,18.09
33.97,18.97
33.92,18.92
34.78,0.78
34.68,0.68
34.39,0.39
34.2,0.2
34.65,0.65
34.36,0.36
34.05,0.05
34.73,0.73
34.64,0.64
34.0,0.0
34.48,13.48
34.96,13.96
34.54,13.54
34.93,13.93
34.37,13.37
34.94,13.94
34.44,13.44
34.27,13.27
34.46,13.46
34.76,13.76
34.64,18.64
34.28,18.28
34.64,18.64
34.02,18.02
34.41,18.41
34.64,18.64
34.95,18.95
34.62,18.62
34.04,18.04
34.57,18.57
34.42,19.42
34.66,19.66
34.69,19.69
34.26,19.26
34.19,19.19
34.78,19.78
34.4,19.4
34.09,19.09
34.37,19.37
34.92,19.92
35.12,0.12
35.84,0.84
35.57,0.57
35.6,0.6
35.95,0.95
35.29,0.29
35.14,0.14
35.26,0.26
35.44,0.44
35.43,0.43
36.0,14.0
35.91,13.91
35.0,13.0
35.12,13.12
35.07,13.07
35.72,13.72
35.14,13.14
35.55,13.55
35.34,13.34
35.69,13.69
35.83,14.83
35.33,14.33
35.22,14.22
35.95,14.95
35.38,14.38
35.57,14.57
35.07,14.07
35.99,14.99
35.88,14.88
35.4,14.4
35.35,19.35
35.52,19.52
35.7,19.7
35.61,19.61
35.0,19.0
35.47,19.47
35.99,19.99
35.42,19.42
35.67,19.67
35.45,19.45
36.77,0.77
36.37,0.37
36.68,0.68
36.05,0.05
36.21,0.21
36.36,0.36
36.57,0.57
36.94,0.94
36.16,0.16
36.48,0.48
36.9,1.9
36.29,1.29
36.36,1.3599999999999999
36.4,1.4
36.67,1.67
36.27,1.27
36.28,1.28
36.22,1.22
36.74,1.74
36.43,1.43
36.34,13.34
36.81,13.81
36.73,13.73
36.02,13.02
36.01,13.01
36.59,13.59
36.64,13.64
36.05,13.05
36.65,13.65
36.25,13.25
36.66,14.66
36.98,14.98
36.01,14.01
36.53,14.53
36.32,14.32
36.03,14.03
36.14,14.14
36.19,14.19
36.2,14.2
36.62,14.62
36.65,18.65
36.28,18.28
36.26,18.26
36.46,18.46
36.32,18.32
36.4,18.4
36.25,18.25
36.73,18.73
36.91,18.91
36.78,18.78
36.28,19.28
36.74,19.74
36.16,19.16
36.9,19.9
36.63,19.63
36.65,19.65
36.21,19.21
36.45,19.45
36.71,19.71
36.59,19.59
37.28,0.28
37.23,0.23
37.3,0.3
37.02,0.02
37.27,0.27
37.79,0.79
37.21,0.21
37.14,0.14
37.44,0.44
37.73,0.73
37.71,1.71
37.44,1.44
37.91,1.9100000000000001
37.93,1.9300000000000002
37.86,1.8599999999999999
37.4,1.4
37.66,1.6600000000000001
37.97,1.97
37.71,1.71
37.48,1.48
37.02,13.02
37.41,13.41
37.89,13.89
37.36,13.36
37.9,13.9
37.85,13.85
37.13,13.13
37.59,13.59
37.05,13.05
37.66,13.66
37.87,14.87
37.72,14.72
37.6,14.6
37.27,14.27
37.2,14.2
37.19,14.19
37.87,14.87
37.1,14.1
37.85,14.85
37.9,14.9
37.4,18.4
37.15,18.15
37.08,18.08
37.03,18.03
37.77,18.77
37.13,18.13
37.83,18.83
37.12,18.12
37.92,18.92
37.37,18.37
38.66,0.66
38.81,0.81
38.65,0.65
38.41,0.41
38.2,0.2
38.92,0.92
38.87,0.87
38.2,0.2
38.45,0.45
38.51,0.51
38.87,1.87
38.65,1.65
38.95,1.95
38.42,1.42
38.64,1.6400000000000001
38.35,1.35
39.0,2.0
38.5,1.5
38.08,1.08
38.52,1.52
38.75,13.75
38.87,13.87
38.7,13.7
38.43,13.43
38.15,13.15
38.28,13.28
38.59,13.59
38.37,13.37
38.13,13.13
38.55,13.55
38.68,14.68
38.32,14.32
38.8,14.8
38.89,14.89
38.69,14.69
38.97,14.97
38.22,14.22
38.82,14.82
38.07,14.07
38.76,14.76
38.25,15.25
38.98,15.98
38.21,15.21
38.91,15.91
38.42,15.42
38.86,15.86
38.91,15.91
38.84,15.84
38.28,15.28
38.9,15.9
38.4,16.4
38.29,16.29
38.85,16.85
38.92,16.92
38.27,16.27
38.67,16.67
38.95,16.95
38.65,16.65
38.82,16.82
38.95,16.95
38.48,17.48
38.51,17.51
38.17,17.17
38.37,17.37
38.52,17.52
38.5,17.5
38.28,17.28
38.02,17.02
38.55,17.55
38.33,17.33
38.27,18.27
38.06,18.06
38.42,18.42
38.54,18.54
38.24,18.24
38.73,18.73
38.96,18.96
38.91,18.91
38.79,18.79
38.63,18.63
39.12,0.12
39.46,0.46
39.5,0.5
39.83,0.83
39.42,0.42
39.47,0.47
39.72,0.72
39.62,0.62
39.51,0.51
39.23,0.23
39.74,1.74
39.47,1.47
39.63,1.63
39.24,1.24
39.56,1.56
39.48,1.48
39.56,1.56
39.13,1.13
39.11,1.11
39.82,1.8199999999999998
39.49,2.49
39.46,2.46
39.71,2.71
39.58,2.58
39.39,2.39
39.77,2.77
39.65,2.65
39.32,2.32
39.64,2.64
39.83,2.83
39.05,3.05
39.71,3.71
39.19,3.19
39.04,3.04
40.0,4.0
39.71,3.71
39.83,3.83
39.87,3.87
39.88,3.88
39.61,3.61
39.72,4.72
39.1,4.1
39.56,4.5600000000000005
39.13,4.13
39.32,4.32
39.46,4.46
39.56,4.5600000000000005
39.87,4.87
39.37,4.37
39.38,4.38
39.54,5.54
39.47,5.47
39.8,5.8
39.61,5.61
39.08,5.08
39.24,5.24
39.92,5.92
39.9,5.9
39.9,5.9
39.53,5.53
39.67,6.67
39.36,6.36
39.75,6.75
39.29,6.29
39.59,6.59
39.36,6.36
39.36,6.36
39.86,6.86
39.38,6.38
39.44,6.44
39.17,7.17
39.92,7.92
39.23,7.23
39.48,7.48
39.93,7.93
39.25,7.25
39.53,7.53
39.45,7.45
39.61,7.61
39.03,7.03
39.08,8.08
39.36,8.36
39.59,8.59
39.2,8.2
39.32,8.32
39.14,8.14
39.43,8.43
39.0,8.0
39.7,8.7
39.11,8.11
39.23,9.23
39.89,9.89
40.0,10.0
39.22,9.22
39.12,9.12
39.3,9.3
39.43,9.43
39.04,9.04
39.88,9.88
39.1,9.1
39.86,10.86
39.28,10.28
39.65,10.65
39.12,10.12
39.16,10.16
39.51,10.51
39.78,10.78
39.06,10.06
39.3,10.3
39.93,10.93
39.77,11.77
39.33,11.33
39.06,11.06
39.09,11.09
39.44,11.44
39.03,11.03
39.97,11.97
39.26,11.26
39.92,11.92
39.69,11.69
39.81,12.81
39.1,12.1
39.89,12.89
39.04,12.04
39.48,12.48
39.81,12.81
39.2,12.2
39.74,12.74
39.99,12.99
39.31,12.31
39.37,13.37
39.24,13.24
39.07,13.07
39.17,13.17
39.22,13.22
39.43,13.43
39.18,13.18
39.83,13.83
39.05,13.05
39.07,13.07
39.99,14.99
39.2,14.2
39.41,14.41
39.11,14.11
39.57,14.57
39.62,14.62
39.22,14.22
39.03,14.03
39.85,14.85
39.26,14.26
40.59,0.59
40.24,0.24
40.63,0.63
40.93,0.93
40.29,0.29
40.06,0.06
40.31,0.31
40.18,0.18
40.58,0.58
40.8,0.8
40.86,1.8599999999999999
40.48,1.48
40.5,1.5
40.54,1.54
40.03,1.03
40.78,1.78
40.06,1.06
40.86,1.8599999999999999
40.27,1.27
40.42,1.42
40.33,2.33
40.98,2.98
40.34,2.34
40.98,2.98
40.81,2.81
40.74,2.74
40.97,2.9699999999999998
40.36,2.36
40.8,2.8
40.41,2.41
40.09,3.09
40.33,3.33
40.33,3.33
40.62,3.62
40.99,3.99
40.5,3.5
40.0,3.0
40.2,3.2
40.95,3.95
40.32,3.32
40.68,9.68
40.16,9.16
40.94,9.94
40.1,9.1
40.61,9.61
40.28,9.28
40.94,9.94
40.33,9.33
40.93,9.93
40.34,9.34
40.06,10.06
40.24,10.24
40.3,10.3
40.19,10.19
40.72,10.72
40.61,10.61
40.73,10.73
40.14,10.14
40.58,10.58
40.88,10.88
40.6,11.6
40.2,11.2
40.89,11.89
40.74,11.74
40.11,11.11
40.37,11.37
40.32,11.32
40.36,11.36
40.54,11.54
40.84,11.84
40.28,12.28
40.68,12.68
40.97,12.97
40.72,12.72
40.22,12.22
40.39,12.39
40.95,12.95
40.21,12.21
40.27,12.27
40.65,12.65
40.79,13.79
40.54,13.54
40.77,13.77
40.22,13.22
40.24,13.24
40.89,13.89
40.41,13.41
40.99,13.99
40.53,13.53
41.0,14.0
40.26,14.26
40.27,14.27
40.91,14.91
40.69,14.69
40.82,14.82
40.97,14.97
40.13,14.13
40.89,14.89
40.9,14.9
40.41,14.41
41.2,2.2
41.54,2.54
41.04,2.04
41.59,2.59
41.04,2.04
41.15,2.15
41.34,2.34
41.78,2.7800000000000002
41.72,2.7199999999999998
42.0,3.0
41.92,10.92
41.63,10.63
41.94,10.94
41.73,10.73
41.56,10.56
41.92,10.92
41.62,10.62
41.63,10.63
41.16,10.16
41.74,10.74
42.45,2.45
42.63,2.63
42.61,2.61
42.92,2.92
42.96,2.96
42.51,2.51
42.4,2.4
42.16,2.16
42.92,2.92
42.99,2.99
42.56,10.56
42.92,10.92
42.65,10.65
42.0,10.0
42.13,10.13
42.71,10.71
42.2,10.2
42.87,10.87
42.92,10.92
42.53,10.53
43.16,2.16
43.84,2.84
43.26,2.26
43.71,2.71
43.56,2.56
43.1,2.1
43.06,2.06
43.23,2.23
43.99,2.99
43.97,2.9699999999999998
43.43,3.43
43.86,3.86
43.57,3.57
43.68,3.68
44.0,4.0
43.5,3.5
43.27,3.27
43.49,3.49
43.65,3.65
43.24,3.24
43.93,4.93
43.22,4.22
43.28,4.28
43.15,4.15
43.95,4.95
43.76,4.76
43.03,4.03
43.68,4.68
43.3,4.3
43.22,4.22
43.65,5.65
43.16,5.16
43.22,5.22
43.49,5.49
43.28,5.28
43.09,5.09
43.83,5.83
43.28,5.28
43.58,5.58
43.93,5.93
43.1,8.1
43.19,8.19
43.19,8.19
43.68,8.68
43.7,8.7
43.44,8.44
43.81,8.81
43.14,8.14
43.25,8.25
43.78,8.78
43.14,10.14
43.63,10.63
43.88,10.88
43.11,10.11
43.63,10.63
43.38,10.38
43.76,10.76
43.73,10.73
43.31,10.31
43.72,10.72
44.44,5.44
44.06,5.06
44.94,5.9399999999999995
44.5,5.5
44.43,5.43
44.19,5.19
44.76,5.76
44.39,5.39
44.21,5.21
44.03,5.03
44.65,6.65
44.29,6.29
44.31,6.31
44.0,6.0
44.84,6.84
44.09,6.09
44.98,6.98
44.6,6.6
44.58,6.58
44.4,6.4
44.8,7.8
44.44,7.44
44.11,7.11
44.27,7.27
44.87,7.87
44.13,7.13
44.86,7.86
44.64,7.64
44.12,7.12
44.96,7.96
44.51,8.51
44.15,8.15
44.21,8.21
44.53,8.53
44.23,8.23
44.96,8.96
44.87,8.87
44.85,8.85
44.34,8.34
44.67,8.67
44.88,9.88
44.67,9.67
44.52,9.52
44.15,9.15
44.06,9.06
44.15,9.15
44.5,9.5
44.97,9.97
44.26,9.26
44.37,9.37
44.97,10.97
44.38,10.38
44.28,10.28
44.61,10.61
44.01,10.01
44.38,10.38
44.48,10.48
44.32,10.32
44.79,10.79
44.73,10.73
