2.81,30.81
2.06,30.06
2.24,30.24
2.74,30.74
2.04,30.04
2.5,30.5
2.73,30.73
2.61,30.61
2.13,30.13
2.08,30.08
2.92,32.92
2.27,32.27
2.6,32.6
2.4699999999999998,32.47
2.23,32.23
2.42,32.42
2.44,32.44
2.58,32.58
2.41,32.41
2.7199999999999998,32.72
2.57,33.57
2.54,33.54
2.99,33.99
2.82,33.82
2.02,33.02
2.2800000000000002,33.28
2.24,33.24
2.11,33.11
2.0,33.0
2.63,33.63
2.68,34.68
2.49,34.49
2.52,34.52
2.4,34.4
2.73,34.73
2.52,34.52
2.23,34.23
2.01,34.01
2.21,34.21
2.16,34.16
2.01,35.01
2.35,35.35
3.0,36.0
2.67,35.67
2.62,35.62
2.06,35.06
2.84,35.84
2.89,35.89
2.94,35.94
2.66,35.66
3.44,7.44
3.14,7.14
3.88,7.88
3.77,7.77
3.45,7.45
3.22,7.22
3.71,7.71
3.84,7.84
3.43,7.43
3.77,7.77
3.99,9.99
3.62,9.62
3.08,9.08
3.62,9.62
3.86,9.86
3.99,9.99
3.54,9.54
3.49,9.49
3.39,9.39
3.6,9.6
3.43,10.43
3.56,10.56
3.95,10.95
3.18,10.18
3.77,10.77
3.99,10.99
3.99,10.99
3.15,10.15
3.12,10.12
3.0,10.0
3.93,11.93
4.0,12.0
3.62,11.62
4.0,12.0
3.13,11.13
3.0,11.0
4.0,12.0
3.83,11.83
3.37,11.37
3.98,11.98
3.15,12.15
3.85,12.85
3.5300000000000002,12.53
3.03,12.03
3.01,12.01
3.55,12.55
3.6,12.6
3.15,12.15
4.0,13.0
3.57,12.57
3.38,13.38
3.66,13.66
3.54,13.54
3.03,13.03
3.05,13.05
3.24,13.24
3.39,13.39
3.39,13.39
3.65,13.65
3.21,13.21
3.63,24.63
3.06,24.06
3.87,24.87
3.73,24.73
3.64,24.64
3.2800000000000002,24.28
3.18,24.18
3.11,24.11
3.56,24.56
3.4699999999999998,24.47
3.25,25.25
3.7,25.7
3.04,25.04
3.42,25.42
3.05,25.05
3.38,25.38
3.82,25.82
3.66,25.66
3.74,25.74
3.98,25.98
3.67,26.67
3.69,26.69
3.44,26.44
3.2,26.2
3.51,26.51
3.46,26.46
3.21,26.21
3.1,26.1
3.41,26.41
3.7800000000000002,26.78
3.7,29.7
3.29,29.29
3.07,29.07
3.2,29.2
3.12,29.12
3.02,29.02
3.17,29.17
3.5,29.5
3.01,29.01
3.86,29.86
3.4699999999999998,30.47
3.89,30.89
3.95,30.95
3.24,30.24
3.36,30.36
3.27,30.27
3.64,30.64
3.98,30.98
3.08,30.08
3.31,30.31
3.5,32.5
3.65,32.65
3.82,32.82
3.05,32.05
3.39,32.39
3.83,32.83
3.1,32.1
3.84,32.84
4.0,33.0
3.04,32.04
3.84,35.84
3.74,35.74
3.76,35.76
3.65,35.65
3.8,35.8
3.02,35.02
3.48,35.48
3.32,35.32
3.56,35.56
3.11,35.11
3.2,36.2
3.44,36.44
3.05,36.05
3.85,36.85
3.99,36.99
3.34,36.34
3.2800000000000002,36.28
3.64,36.64
3.24,36.24
3.23,36.23
3.73,36.73
3.48,36.48
3.29,36.29
3.11,36.11
3.17,36.17
3.37,36.37
3.99,36.99
3.59,36.59
3.01,36.01
3.21,36.21
3.49,37.49
3.89,37.89
3.61,37.61
3.25,37.25
3.55,37.55
3.14,37.14
3.01,37.01
3.73,37.73
3.36,37.36
3.2,37.2
3.29,38.29
3.3,38.3
3.03,38.03
3.74,38.74
3.6,38.6
3.73,38.73
3.11,38.11
3.54,38.54
3.77,38.77
3.2800000000000002,38.28
4.89,7.89
4.08,7.08
5.0,8.0
4.6,7.6
4.55,7.55
4.68,7.68
4.21,7.21
4.46,7.46
4.14,7.14
4.64,7.64
4.04,13.04
4.04,13.04
5.0,14.0
4.58,13.58
4.47,13.47
4.89,13.89
4.74,13.74
4.79,13.79
4.36,13.36
4.36,13.36
4.01,14.01
4.46,14.46
4.05,14.05
4.22,14.22
4.62,14.62
4.58,14.58
4.29,14.29
4.99,14.99
4.47,14.47
4.08,14.08
4.13,15.13
4.66,15.66
4.04,15.04
4.65,15.65
4.5,15.5
4.04,15.04
4.48,15.48
4.9,15.9
4.2,15.2
4.14,15.14
4.52,16.52
4.51,16.51
4.04,16.04
4.87,16.87
4.61,16.61
4.57,16.57
4.57,16.57
4.12,16.12
4.44,16.44
4.01,16.01
4.92,24.92
4.78,24.78
4.38,24.38
4.97,24.97
4.68,24.68
4.71,24.71
4.36,24.36
4.92,24.92
4.6,24.6
4.02,24.02
4.39,38.39
4.6,38.6
4.92,38.92
4.46,38.46
4.07,38.07
4.41,38.41
4.52,38.52
4.5600000000000005,38.56
4.78,38.78
4.98,38.98
5.03,1.03
5.93,1.9300000000000002
5.14,1.1400000000000001
6.0,2.0
5.31,1.31
5.82,1.8199999999999998
5.66,1.6600000000000001
5.82,1.8199999999999998
5.51,1.51
5.18,1.18
5.53,2.5300000000000002
5.26,2.26
5.49,2.49
5.24,2.24
5.33,2.33
5.46,2.46
5.91,2.91
5.32,2.32
5.92,2.92
5.27,2.27
5.54,3.54
5.31,3.31
5.21,3.21
5.5600000000000005,3.56
5.75,3.75
5.93,3.93
5.78,3.7800000000000002
5.37,3.37
5.95,3.95
5.31,3.31
5.86,4.86
5.27,4.27
5.15,4.15
5.57,4.57
5.75,4.75
5.85,4.85
5.09,4.09
5.5600000000000005,4.5600000000000005
5.35,4.35
5.63,4.63
5.04,4.04
5.28,4.28
5.14,4.14
5.74,4.74
5.1,4.1
5.79,4.79
5.49,4.49
5.14,4.14
5.02,4.02
5.95,4.95
5.36,5.36
6.0,6.0
5.01,5.01
5.58,5.58
5.68,5.68
5.27,5.27
5.86,5.86
5.42,5.42
5.37,5.37
5.92,5.92
5.88,6.88
5.25,6.25
5.06,6.06
5.96,6.96
5.9399999999999995,6.9399999999999995
5.48,6.48
5.61,6.61
5.98,6.98
5.73,6.73
5.47,6.47
5.66,7.66
5.48,7.48
5.31,7.31
5.06,7.06
5.99,7.99
5.9399999999999995,7.9399999999999995
5.75,7.75
5.9399999999999995,7.9399999999999995
5.1,7.1
5.85,7.85
5.03,16.03
5.04,16.04
5.09,16.09
6.0,17.0
5.85,16.85
5.96,16.96
5.9399999999999995,16.94
5.6899999999999995,16.69
5.28,16.28
5.91,16.91
5.95,24.95
5.77,24.77
5.13,24.13
5.7,24.7
5.04,24.04
5.96,24.96
5.91,24.91
5.62,24.62
5.9399999999999995,24.94
5.12,24.12
5.41,38.41
5.14,38.14
5.35,38.35
5.31,38.31
5.65,38.65
5.13,38.13
5.33,38.33
5.36,38.36
5.88,38.88
5.43,38.43
6.28,1.28
6.66,1.6600000000000001
6.03,1.03
6.44,1.44
6.6,1.6
6.1,1.1
6.11,1.11
6.79,1.79
6.9,1.9
6.27,1.27
6.64,16.64
6.31,16.31
6.62,16.62
6.6,16.6
6.14,16.14
6.6,16.6
6.51,16.51
6.24,16.24
6.6,16.6
6.59,16.59
6.86,17.86
6.46,17.46
6.54,17.54
6.08,17.08
6.99,17.99
6.14,17.14
6.64,17.64
6.13,17.13
6.22,17.22
6.65,17.65
6.99,18.99
6.34,18.34
6.14,18.14
6.16,18.16
6.11,18.11
6.41,18.41
6.34,18.34
6.34,18.34
6.83,18.83
6.42,18.42
6.8,19.8
6.19,19.19
6.68,19.68
6.42,19.42
6.91,19.91
6.74,19.74
6.03,19.03
6.74,19.74
6.05,19.05
6.98,19.98
6.37,20.37
6.92,20.92
6.23,20.23
6.25,20.25
6.58,20.58
6.97,20.97
6.3,20.3
6.53,20.53
6.4,20.4
6.17,20.17
6.91,21.91
6.17,21.17
6.92,21.92
6.5600000000000005,21.56
6.01,21.01
6.12,21.12
6.43,21.43
6.34,21.34
6.1,21.1
6.79,21.79
6.32,22.32
6.02,22.02
6.46,22.46
6.12,22.12
6.68,22.68
6.02,22.02
6.68,22.68
6.89,22.89
6.17,22.17
6.19,22.19
6.76,23.76
6.63,23.63
6.16,23.16
6.85,23.85
6.49,23.49
6.09,23.09
6.35,23.35
6.52,23.52
6.02,23.02
6.61,23.61
6.49,24.49
6.55,24.55
6.8,24.8
6.75,24.75
6.12,24.12
6.65,24.65
6.67,24.67
6.39,24.39
6.88,24.88
6.4,24.4
6.57,25.57
6.3,25.3
6.97,25.97
6.01,25.01
6.45,25.45
6.7,25.7
6.31,25.31
6.92,25.92
6.09,25.09
6.87,25.87
6.8100000000000005,26.81
6.43,26.43
6.88,26.88
6.11,26.11
6.52,26.52
6.31,26.31
6.53,26.53
6.9399999999999995,26.94
6.02,26.02
6.92,26.92
6.66,38.66
6.04,38.04
6.26,38.26
6.12,38.12
6.52,38.52
6.88,38.88
6.43,38.43
6.03,38.03
6.13,38.13
6.02,38.02
7.17,1.17
7.65,1.65
7.57,1.5699999999999998
7.36,1.3599999999999999
7.54,1.54
7.9,1.9
7.96,1.96
7.37,1.37
7.72,1.72
7.19,1.19
7.52,17.52
7.87,17.87
7.86,17.86
7.37,17.37
7.2,17.2
7.36,17.36
7.61,17.61
7.73,17.73
7.31,17.31
7.02,17.02
7.57,23.57
7.53,23.53
7.65,23.65
7.87,23.87
7.95,23.95
7.99,23.99
7.61,23.61
7.01,23.01
7.1,23.1
8.0,24.0
7.5600000000000005,26.56
7.91,26.91
7.96,26.96
7.25,26.25
7.62,26.62
7.5,26.5
7.6,26.6
7.64,26.64
7.13,26.13
7.08,26.08
7.62,38.62
7.99,38.99
7.52,38.52
7.85,38.85
7.91,38.91
7.72,38.72
8.0,39.0
7.01,38.01
7.09,38.09
7.35,38.35
7.27,39.27
7.23,39.23
7.03,39.03
7.77,39.77
8.0,40.0
7.88,39.88
7.85,39.85
7.07,39.07
7.32,39.32
7.74,39.74
8.39,1.3900000000000001
8.85,1.85
8.44,1.44
8.89,1.8900000000000001
8.95,1.95
8.18,1.18
8.15,1.15
8.33,1.33
8.98,1.98
8.51,1.51
8.21,15.21
8.12,15.12
8.41,15.41
8.88,15.88
8.73,15.73
8.22,15.22
8.55,15.55
8.88,15.88
8.45,15.45
8.94,15.94
8.07,16.07
8.77,16.77
8.69,16.69
8.02,16.02
8.75,16.75
8.62,16.62
8.81,16.81
8.64,16.64
8.16,16.16
8.15,16.15
8.29,17.29
8.31,17.31
8.28,17.28
8.03,17.03
8.08,17.08
8.1,17.1
8.69,17.69
8.58,17.58
8.65,17.65
8.94,17.94
8.73,23.73
8.78,23.78
8.85,23.85
8.43,23.43
8.58,23.58
8.1,23.1
8.42,23.42
8.1,23.1
8.94,23.94
8.6,23.6
8.16,26.16
8.07,26.07
8.84,26.84
8.96,26.96
8.18,26.18
8.11,26.11
8.49,26.49
8.39,26.39
8.95,26.95
8.64,26.64
9.06,1.06
9.4,1.4
9.73,1.73
9.03,1.03
9.86,1.8599999999999999
9.75,1.75
9.87,1.87
9.23,1.23
9.53,1.53
9.62,1.62
9.82,15.82
9.94,15.94
9.01,15.01
9.55,15.55
9.77,15.77
9.06,15.06
9.43,15.43
9.42,15.42
9.17,15.17
9.32,15.32
9.79,18.79
9.43,18.43
9.41,18.41
9.9,18.9
9.36,18.36
9.79,18.79
9.25,18.25
9.11,18.11
9.21,18.21
9.0,18.0
9.41,23.41
9.13,23.13
9.3,23.3
9.95,23.95
9.17,23.17
9.09,23.09
9.17,23.17
9.05,23.05
9.65,23.65
9.49,23.49
9.4,39.4
9.45,39.45
9.4,39.4
9.1,39.1
9.11,39.11
9.76,39.76
9.66,39.66
9.51,39.51
9.49,39.49
9.37,39.37
10.68,1.6800000000000002
10.43,1.43
10.21,1.21
10.23,1.23
10.76,1.76
10.08,1.08
10.3,1.3
10.77,1.77
10.55,1.55
10.21,1.21
10.39,15.39
10.58,15.58
10.68,15.68
10.76,15.76
10.4,15.4
10.08,15.08
10.68,15.68
10.58,15.58
10.37,15.37
10.91,15.91
10.76,18.76
10.59,18.59
10.82,18.82
10.94,18.94
10.6,18.6
10.64,18.64
10.92,18.92
10.34,18.34
10.43,18.43
10.75,18.75
10.52,23.52
10.29,23.29
10.93,23.93
10.22,23.22
10.95,23.95
10.57,23.57
10.23,23.23
10.86,23.86
10.4,23.4
10.29,23.29
10.16,26.16
10.81,26.81
10.61,26.61
10.23,26.23
10.82,26.82
10.49,26.49
10.09,26.09
10.79,26.79
10.6,26.6
10.15,26.15
10.97,27.97
10.7,27.7
10.04,27.04
10.47,27.47
10.74,27.74
10.38,27.38
10.84,27.84
10.23,27.23
10.67,27.67
10.22,27.22
10.03,28.03
10.91,28.91
10.62,28.62
10.04,28.04
10.27,28.27
10.09,28.09
10.1,28.1
10.79,28.79
10.01,28.01
10.27,28.27
10.32,29.32
10.01,29.01
10.09,29.09
10.21,29.21
10.39,29.39
10.77,29.77
10.64,29.64
10.03,29.03
10.36,29.36
10.15,29.15
11.84,1.8399999999999999
11.04,1.04
11.75,1.75
11.7,1.7
11.82,1.8199999999999998
11.31,1.31
11.67,1.67
11.55,1.55
11.84,1.8399999999999999
11.89,1.8900000000000001
11.46,15.46
11.14,15.14
11.96,15.96
11.57,15.57
11.48,15.48
11.79,15.79
11.79,15.79
11.32,15.32
11.41,15.41
11.68,15.68
11.19,30.19
11.04,30.04
11.32,30.32
11.83,30.83
11.61,30.61
11.6,30.6
11.34,30.34
11.36,30.36
11.17,30.17
11.66,30.66
11.29,37.29
11.91,37.91
11.01,37.01
11.31,37.31
11.52,37.52
11.96,37.96
11.31,37.31
11.98,37.98
11.85,37.85
11.23,37.23
11.29,38.29
11.18,38.18
11.0,38.0
11.94,38.94
11.95,38.95
11.4,38.4
11.5,38.5
11.12,38.12
11.84,38.84
11.93,38.93
11.51,39.51
11.05,39.05
11.56,39.56
11.75,39.75
11.97,39.97
11.28,39.28
11.48,39.48
11.07,39.07
11.17,39.17
11.02,39.02
12.26,1.26
12.66,1.6600000000000001
12.59,1.5899999999999999
12.12,1.12
12.06,1.06
12.4,1.4
12.39,1.3900000000000001
12.5,1.5
12.91,1.9100000000000001
12.05,1.05
12.77,2.77
12.38,2.38
12.59,2.59
12.16,2.16
12.82,2.82
12.02,2.02
12.74,2.74
12.48,2.48
12.03,2.03
12.35,2.35
12.37,3.37
12.92,3.92
12.76,3.76
12.01,3.01
12.53,3.5300000000000002
12.51,3.51
12.03,3.03
12.55,3.55
12.88,3.88
12.99,3.99
12.99,11.99
12.78,11.78
12.42,11.42
12.65,11.65
12.31,11.31
12.26,11.26
12.77,11.77
12.36,11.36
12.32,11.32
12.33,11.33
12.23,12.23
12.04,12.04
12.78,12.78
12.33,12.33
12.46,12.46
12.91,12.91
12.98,12.98
12.05,12.05
12.75,12.75
12.51,12.51
12.78,13.78
12.38,13.38
12.67,13.67
12.0,13.0
12.24,13.24
12.83,13.83
12.48,13.48
12.79,13.79
12.13,13.13
12.59,13.59
12.99,14.99
12.96,14.96
12.14,14.14
12.28,14.28
12.85,14.85
12.91,14.91
12.82,14.82
12.63,14.63
12.09,14.09
12.97,14.97
12.84,15.84
12.35,15.35
12.45,15.45
12.11,15.11
12.31,15.31
12.07,15.07
12.33,15.33
12.84,15.84
12.71,15.71
12.65,15.65
12.34,19.34
12.45,19.45
12.32,19.32
12.44,19.44
12.16,19.16
12.25,19.25
12.42,19.42
12.3,19.3
12.46,19.46
12.22,19.22
12.14,22.14
12.42,22.42
12.4,22.4
12.53,22.53
12.49,22.49
12.82,22.82
12.09,22.09
12.68,22.68
12.6,22.6
12.27,22.27
12.07,23.07
12.55,23.55
12.0,23.0
12.39,23.39
12.66,23.66
12.65,23.65
12.2,23.2
12.95,23.95
12.18,23.18
12.16,23.16
12.11,30.11
12.41,30.41
12.42,30.42
12.38,30.38
12.91,30.91
12.43,30.43
12.41,30.41
12.54,30.54
12.76,30.76
12.34,30.34
12.72,35.72
12.35,35.35
12.4,35.4
12.34,35.34
12.17,35.17
12.59,35.59
12.65,35.65
12.79,35.79
12.42,35.42
12.05,35.05
12.78,36.78
12.05,36.05
12.86,36.86
12.03,36.03
12.92,36.92
12.9,36.9
12.8,36.8
12.06,36.06
12.33,36.33
12.87,36.87
12.58,37.58
12.04,37.04
12.12,37.12
12.99,37.99
12.32,37.32
12.08,37.08
12.25,37.25
12.72,37.72
12.1,37.1
12.97,37.97
13.67,3.67
13.84,3.84
13.19,3.19
13.7,3.7
13.38,3.38
13.59,3.59
13.99,3.99
13.0,3.0
13.12,3.12
13.43,3.43
13.56,11.56
13.46,11.46
13.07,11.07
13.89,11.89
13.63,11.63
13.02,11.02
13.77,11.77
13.74,11.74
13.12,11.12
13.09,11.09
13.67,19.67
13.18,19.18
13.21,19.21
13.14,19.14
13.29,19.29
13.03,19.03
13.63,19.63
13.55,19.55
13.92,19.92
13.31,19.31
13.58,22.58
13.04,22.04
13.38,22.38
13.15,22.15
13.95,22.95
13.62,22.62
13.08,22.08
13.22,22.22
13.38,22.38
13.7,22.7
13.48,30.48
13.86,30.86
13.82,30.82
13.55,30.55
13.39,30.39
13.67,30.67
13.69,30.69
13.45,30.45
13.81,30.81
13.56,30.56
13.41,33.41
13.61,33.61
13.95,33.95
13.74,33.74
13.43,33.43
13.41,33.41
14.0,34.0
13.63,33.63
13.99,33.99
13.86,33.86
13.49,34.49
13.73,34.73
13.4,34.4
13.29,34.29
13.84,34.84
13.6,34.6
13.78,34.78
13.34,34.34
13.65,34.65
13.13,34.13
13.67,35.67
13.29,35.29
13.91,35.91
13.98,35.98
13.62,35.62
13.58,35.58
13.31,35.31
13.52,35.52
13.41,35.41
13.55,35.55
14.12,3.12
14.36,3.36
14.42,3.42
14.99,3.99
14.12,3.12
14.29,3.29
14.13,3.13
14.02,3.02
14.33,3.33
14.19,3.19
14.79,4.79
14.98,4.98
14.93,4.93
14.65,4.65
14.04,4.04
14.41,4.41
14.82,4.82
14.74,4.74
14.46,4.46
14.32,4.32
14.93,5.93
14.31,5.31
14.95,5.95
14.22,5.22
14.29,5.29
14.22,5.22
14.66,5.66
14.08,5.08
14.81,5.8100000000000005
14.67,5.67
14.39,6.39
14.77,6.77
14.72,6.72
14.27,6.27
14.76,6.76
15.0,7.0
14.81,6.8100000000000005
14.75,6.75
14.62,6.62
14.09,6.09
14.0,7.0
14.95,7.95
14.32,7.32
14.26,7.26
14.01,7.01
14.21,7.21
14.35,7.35
14.68,7.68
14.44,7.44
14.88,7.88
14.92,8.92
14.87,8.87
14.33,8.33
14.24,8.24
14.13,8.13
14.04,8.04
14.63,8.63
14.05,8.05
14.87,8.87
15.0,9.0
14.53,9.53
14.27,9.27
14.76,9.76
14.37,9.37
14.79,9.79
14.18,9.18
14.67,9.67
14.85,9.85
14.05,9.05
14.45,9.45
14.38,10.38
14.76,10.76
14.18,10.18
14.09,10.09
14.98,10.98
14.26,10.26
14.71,10.71
14.46,10.46
14.78,10.78
14.57,10.57
14.9,11.9
14.21,11.21
14.24,11.24
14.04,11.04
14.66,11.66
14.14,11.14
14.15,11.15
14.54,11.54
14.93,11.93
14.86,11.86
14.31,19.31
14.23,19.23
14.05,19.05
14.92,19.92
14.34,19.34
14.58,19.58
14.11,19.11
14.56,19.56
14.63,19.63
14.45,19.45
14.52,22.52
14.62,22.62
14.27,22.27
14.69,22.69
14.81,22.81
14.93,22.93
14.28,22.28
14.51,22.51
14.24,22.24
14.38,22.38
14.69,30.69
14.86,30.86
14.54,30.54
14.21,30.21
14.71,30.71
14.12,30.12
14.48,30.48
14.43,30.43
14.37,30.37
14.71,30.71
14.82,31.82
14.85,31.85
14.23,31.23
14.85,31.85
14.91,31.91
14.38,31.38
14.06,31.06
14.78,31.78
14.21,31.21
14.18,31.18
14.06,32.06
14.9,32.9
14.76,32.76
14.5,32.5
14.93,32.93
14.43,32.43
14.73,32.73
14.76,32.76
14.12,32.12
14.25,32.25
14.08,33.08
14.83,33.83
14.48,33.48
14.38,33.38
14.25,33.25
14.4,33.4
14.99,33.99
14.11,33.11
14.18,33.18
14.0,33.0
15.6,18.6
15.22,18.22
15.64,18.64
15.84,18.84
15.7,18.7
15.43,18.43
15.99,18.99
15.79,18.79
15.76,18.76
15.56,18.56
15.15,19.15
15.72,19.72
15.91,19.91
15.39,19.39
15.62,19.62
15.99,19.99
15.51,19.51
15.03,19.03
15.72,19.72
15.89,19.89
15.24,22.24
15.56,22.56
15.74,22.74
15.67,22.67
15.11,22.11
15.88,22.88
15.75,22.75
15.22,22.22
15.27,22.27
15.4,22.4
16.94,18.94
16.31,18.31
16.31,18.31
16.76,18.76
16.93,18.93
16.33,18.33
16.06,18.06
16.79,18.79
16.07,18.07
16.59,18.59
16.32,22.32
16.52,22.52
16.07,22.07
16.46,22.46
16.08,22.08
16.47,22.47
16.35,22.35
16.62,22.62
16.47,22.47
16.24,22.24
16.37,23.37
16.25,23.25
16.79,23.79
16.38,23.38
16.62,23.62
16.13,23.13
16.12,23.12
16.15,23.15
16.24,23.24
16.78,23.78
17.02,3.02
17.44,3.44
17.97,3.9699999999999998
17.45,3.45
17.74,3.74
17.41,3.41
17.29,3.29
17.06,3.06
17.37,3.37
17.08,3.08
17.72,4.72
17.02,4.02
17.22,4.22
17.94,4.9399999999999995
17.82,4.82
17.38,4.38
17.03,4.03
17.99,4.99
17.43,4.43
17.79,4.79
17.94,5.9399999999999995
17.33,5.33
17.02,5.02
17.06,5.06
17.37,5.37
17.96,5.96
17.88,5.88
17.11,5.11
17.94,5.9399999999999995
17.07,5.07
17.06,6.06
17.95,6.95
17.28,6.28
17.7,6.7
17.07,6.07
17.22,6.22
17.62,6.62
17.47,6.47
17.48,6.48
17.57,6.57
17.21,7.21
17.65,7.65
17.92,7.92
17.74,7.74
17.32,7.32
17.13,7.13
17.23,7.23
17.21,7.21
17.13,7.13
17.35,7.35
17.96,8.96
17.54,8.54
17.66,8.66
17.42,8.42
17.39,8.39
17.06,8.06
17.19,8.19
17.44,8.44
17.21,8.21
17.6,8.6
17.14,9.14
17.06,9.06
17.15,9.15
18.0,10.0
17.51,9.51
17.51,9.51
17.09,9.09
17.17,9.17
17.66,9.66
17.76,9.76
17.41,11.41
17.24,11.24
17.22,11.22
17.32,11.32
17.42,11.42
17.15,11.15
17.15,11.15
17.05,11.05
17.88,11.88
17.26,11.26
17.58,18.58
17.26,18.26
17.61,18.61
17.66,18.66
17.11,18.11
17.16,18.16
17.53,18.53
17.51,18.51
17.68,18.68
17.01,18.01
17.7,23.7
17.41,23.41
17.38,23.38
17.6,23.6
17.02,23.02
17.26,23.26
17.81,23.81
17.9,23.9
17.71,23.71
17.15,23.15
18.47,3.4699999999999998
18.05,3.05
18.08,3.08
18.72,3.7199999999999998
18.66,3.66
18.32,3.32
18.28,3.2800000000000002
18.03,3.03
18.71,3.71
18.59,3.59
18.73,11.73
18.58,11.58
18.55,11.55
18.32,11.32
18.09,11.09
18.69,11.69
18.74,11.74
18.61,11.61
18.11,11.11
18.77,11.77
18.17,18.17
18.11,18.11
18.59,18.59
18.75,18.75
18.1,18.1
18.1,18.1
18.54,18.54
18.34,18.34
18.52,18.52
18.7,18.7
18.78,23.78
18.98,23.98
18.13,23.13
18.57,23.57
18.51,23.51
18.76,23.76
18.02,23.02
18.72,23.72
18.27,23.27
18.14,23.14
18.83,29.83
18.05,29.05
18.07,29.07
18.5,29.5
18.3,29.3
18.81,29.81
18.15,29.15
18.53,29.53
18.27,29.27
18.7,29.7
18.06,30.06
18.23,30.23
18.52,30.52
18.86,30.86
18.74,30.74
18.06,30.06
18.36,30.36
18.2,30.2
18.42,30.42
18.38,30.38
18.0,33.0
18.19,33.19
18.01,33.01
18.64,33.64
18.56,33.56
18.6,33.6
18.74,33.74
18.44,33.44
18.03,33.03
18.5,33.5
18.57,34.57
18.11,34.11
18.65,34.65
18.43,34.43
18.28,34.28
18.52,34.52
18.71,34.71
18.34,34.34
18.4,34.4
18.3,34.3
18.64,35.64
18.64,35.64
18.6,35.6
18.62,35.62
18.99,35.99
18.88,35.88
18.09,35.09
18.71,35.71
18.06,35.06
18.03,35.03
18.98,36.98
18.1,36.1
18.72,36.72
18.85,36.85
18.92,36.92
18.77,36.77
18.93,36.93
18.67,36.67
18.69,36.69
18.2,36.2
18.98,37.98
18.8,37.8
18.36,37.36
18.66,37.66
18.01,37.01
18.82,37.82
18.05,37.05
18.93,37.93
18.76,37.76
18.05,37.05
19.39,0.39
19.82,0.82
19.9,0.9
19.58,0.58
19.16,0.16
19.53,0.53
19.76,0.76
19.74,0.74
19.73,0.73
19.22,0.22
19.7,1.7
19.94,1.94
19.92,1.92
19.04,1.04
19.11,1.11
19.11,1.11
19.97,1.97
19.13,1.13
19.38,1.38
19.28,1.28
19.67,2.67
19.5,2.5
19.42,2.42
19.43,2.43
19.28,2.2800000000000002
19.09,2.09
19.06,2.06
19.88,2.88
19.73,2.73
19.45,2.45
19.96,3.96
19.27,3.27
19.55,3.55
19.01,3.01
19.11,3.11
19.13,3.13
19.78,3.7800000000000002
19.72,3.7199999999999998
19.79,3.79
19.74,3.74
19.67,18.67
19.14,18.14
19.77,18.77
19.19,18.19
19.62,18.62
19.49,18.49
19.63,18.63
19.39,18.39
19.14,18.14
19.46,18.46
19.35,19.35
19.67,19.67
19.77,19.77
19.72,19.72
19.39,19.39
19.92,19.92
19.54,19.54
19.51,19.51
19.21,19.21
19.56,19.56
19.63,20.63
19.23,20.23
19.6,20.6
19.43,20.43
19.91,20.91
19.22,20.22
19.24,20.24
19.95,20.95
19.73,20.73
19.68,20.68
19.19,20.19
19.94,20.94
19.55,20.55
19.72,20.72
19.34,20.34
19.77,20.77
19.94,20.94
19.26,20.26
19.66,20.66
19.4,20.4
19.35,21.35
19.69,21.69
19.01,21.01
19.9,21.9
19.84,21.84
19.27,21.27
19.75,21.75
19.16,21.16
19.13,21.13
19.21,21.21
19.5,22.5
19.85,22.85
19.74,22.74
19.61,22.61
19.13,22.13
19.5,22.5
19.79,22.79
19.82,22.82
19.3,22.3
19.71,22.71
19.94,27.94
19.47,27.47
20.0,28.0
19.62,27.62
19.12,27.12
19.15,27.15
19.45,27.45
19.22,27.22
19.03,27.03
19.89,27.89
19.79,28.79
19.7,28.7
19.17,28.17
19.07,28.07
19.72,28.72
19.29,28.29
19.06,28.06
19.68,28.68
19.46,28.46
19.3,28.3
19.14,29.14
19.49,29.49
19.01,29.01
19.31,29.31
19.87,29.87
19.76,29.76
19.39,29.39
19.56,29.56
19.31,29.31
19.71,29.71
19.16,37.16
19.52,37.52
19.94,37.94
19.73,37.73
19.17,37.17
19.56,37.56
19.16,37.16
19.09,37.09
19.11,37.11
19.8,37.8
19.13,38.13
19.97,38.97
19.92,38.92
19.92,38.92
19.46,38.46
19.54,38.54
19.6,38.6
19.89,38.89
19.89,38.89
19.17,38.17
19.74,38.74
19.47,38.47
19.07,38.07
19.01,38.01
19.52,38.52
19.89,38.89
19.06,38.06
19.24,38.24
19.36,38.36
19.93,38.93
20.05,0.05
20.84,0.84
20.08,0.08
20.8,0.8
20.98,0.98
20.15,0.15
20.21,0.21
20.57,0.57
20.32,0.32
20.68,0.68
20.6,11.6
20.78,11.78
20.63,11.63
20.91,11.91
20.92,11.92
20.79,11.79
20.04,11.04
20.47,11.47
20.74,11.74
20.22,11.22
20.36,12.36
20.58,12.58
20.07,12.07
20.12,12.12
20.63,12.63
20.94,12.94
20.94,12.94
20.61,12.61
20.6,12.6
20.11,12.11
20.67,13.67
20.53,13.53
21.0,14.0
20.51,13.51
20.42,13.42
20.47,13.47
20.68,13.68
20.39,13.39
20.16,13.16
20.96,13.96
20.37,14.37
20.43,14.43
20.38,14.38
20.0,14.0
20.41,14.41
20.89,14.89
20.66,14.66
20.68,14.68
20.56,14.56
21.0,15.0
20.64,18.64
20.38,18.38
20.55,18.55
20.06,18.06
20.43,18.43
20.95,18.95
20.9,18.9
20.14,18.14
20.02,18.02
20.01,18.01
20.77,20.77
20.09,20.09
20.07,20.07
20.02,20.02
20.27,20.27
20.77,20.77
20.77,20.77
20.02,20.02
20.13,20.13
20.94,20.94
21.41,0.41
21.37,0.37
21.62,0.62
21.14,0.14
21.22,0.22
21.03,0.03
21.64,0.64
21.13,0.13
21.5,0.5
21.79,0.79
21.66,14.66
21.62,14.62
21.46,14.46
21.53,14.53
21.82,14.82
21.51,14.51
21.38,14.38
21.99,14.99
21.53,14.53
21.03,14.03
21.92,18.92
21.82,18.82
21.28,18.28
21.49,18.49
21.26,18.26
21.23,18.23
21.11,18.11
21.27,18.27
21.32,18.32
21.93,18.93
21.63,20.63
21.33,20.33
21.25,20.25
21.65,20.65
21.88,20.88
21.19,20.19
21.03,20.03
21.01,20.01
21.59,20.59
21.11,20.11
21.11,25.11
21.23,25.23
21.41,25.41
21.79,25.79
21.64,25.64
22.0,26.0
21.73,25.73
21.11,25.11
21.36,25.36
21.02,25.02
21.46,26.46
21.05,26.05
21.84,26.84
21.83,26.83
21.6,26.6
21.44,26.44
21.64,26.64
21.98,26.98
21.01,26.01
21.17,26.17
21.29,27.29
21.13,27.13
21.7,27.7
21.34,27.34
21.71,27.71
21.21,27.21
21.83,27.83
21.15,27.15
21.79,27.79
21.26,27.26
22.07,0.07
22.73,0.73
22.12,0.12
22.8,0.8
22.11,0.11
22.2,0.2
22.2,0.2
22.05,0.05
22.15,0.15
22.9,0.9
22.54,14.54
22.5,14.5
22.56,14.56
23.0,15.0
22.62,14.62
23.0,15.0
22.7,14.7
22.85,14.85
22.54,14.54
22.21,14.21
22.11,18.11
22.86,18.86
22.92,18.92
22.38,18.38
22.91,18.91
22.5,18.5
22.21,18.21
22.94,18.94
22.94,18.94
22.62,18.62
22.29,19.29
22.98,19.98
22.92,19.92
22.76,19.76
22.16,19.16
22.91,19.91
22.57,19.57
22.46,19.46
22.89,19.89
22.75,19.75
22.37,20.37
22.41,20.41
22.22,20.22
22.66,20.66
22.46,20.46
22.94,20.94
22.87,20.87
22.16,20.16
22.79,20.79
22.08,20.08
22.92,21.92
22.29,21.29
22.68,21.68
22.37,21.37
22.77,21.77
22.9,21.9
22.92,21.92
22.63,21.63
22.4,21.4
22.13,21.13
22.85,22.85
22.23,22.23
22.31,22.31
22.16,22.16
22.24,22.24
22.62,22.62
22.29,22.29
22.25,22.25
22.78,22.78
22.69,22.69
22.95,23.95
22.67,23.67
22.36,23.36
22.46,23.46
22.37,23.37
22.99,23.99
22.39,23.39
22.76,23.76
22.82,23.82
22.75,23.75
22.6,24.6
22.29,24.29
22.25,24.25
22.44,24.44
22.26,24.26
22.02,24.02
22.43,24.43
22.09,24.09
22.6,24.6
22.68,24.68
22.1,25.1
22.05,25.05
22.22,25.22
22.32,25.32
22.17,25.17
22.14,25.14
22.23,25.23
22.01,25.01
22.53,25.53
22.65,25.65
23.44,0.44
23.25,0.25
23.6,0.6
23.75,0.75
23.79,0.79
23.31,0.31
23.17,0.17
23.47,0.47
23.79,0.79
23.3,0.3
23.21,1.21
23.06,1.06
23.2,1.2
23.53,1.53
23.65,1.65
23.41,1.41
23.91,1.9100000000000001
23.98,1.98
23.45,1.45
23.24,1.24
23.84,14.84
23.88,14.88
23.26,14.26
23.55,14.55
23.16,14.16
23.34,14.34
23.47,14.47
23.23,14.23
23.09,14.09
23.97,14.97
23.17,15.17
23.89,15.89
23.53,15.53
23.73,15.73
23.77,15.77
23.1,15.1
23.41,15.41
23.49,15.49
23.27,15.27
23.49,15.49
23.62,16.62
23.64,16.64
23.84,16.84
23.25,16.25
23.32,16.32
23.12,16.12
23.94,16.94
23.01,16.01
23.68,16.68
23.72,16.72
23.63,17.63
23.95,17.95
23.26,17.26
23.59,17.59
23.56,17.56
23.17,17.17
23.66,17.66
23.94,17.94
23.49,17.49
23.99,17.99
23.32,18.32
23.34,18.34
23.11,18.11
23.79,18.79
23.73,18.73
23.99,18.99
23.9,18.9
23.49,18.49
23.98,18.98
23.19,18.19
23.4,19.4
23.23,19.23
23.47,19.47
23.06,19.06
23.11,19.11
23.23,19.23
23.3,19.3
23.86,19.86
23.54,19.54
23.83,19.83
23.61,24.61
23.22,24.22
23.86,24.86
23.96,24.96
23.11,24.11
23.14,24.14
23.64,24.64
23.48,24.48
23.96,24.96
23.18,24.18
23.52,38.52
24.0,39.0
23.97,38.97
23.15,38.15
24.0,39.0
23.96,38.96
23.87,38.87
23.16,38.16
23.48,38.48
23.46,38.46
24.45,1.45
24.25,1.25
24.73,1.73
24.7,1.7
24.0,1.0
24.31,1.31
24.75,1.75
24.21,1.21
24.89,1.8900000000000001
24.43,1.43
24.55,15.55
24.1,15.1
24.63,15.63
24.59,15.59
24.78,15.78
24.6,15.6
24.64,15.64
24.96,15.96
24.59,15.59
24.09,15.09
24.74,19.74
24.81,19.81
24.78,19.78
24.55,19.55
24.54,19.54
24.65,19.65
24.0,19.0
24.05,19.05
24.27,19.27
24.47,19.47
24.4,25.4
24.48,25.48
24.78,25.78
24.02,25.02
24.55,25.55
24.25,25.25
24.21,25.21
24.92,25.92
24.59,25.59
24.54,25.54
24.22,26.22
24.03,26.03
24.89,26.89
24.19,26.19
24.91,26.91
24.03,26.03
24.55,26.55
24.99,26.99
24.64,26.64
24.7,26.7
24.02,38.02
24.31,38.31
24.41,38.41
24.49,38.49
24.92,38.92
24.51,38.51
24.49,38.49
24.47,38.47
24.92,38.92
24.05,38.05
25.41,1.41
25.52,1.52
25.15,1.15
25.83,1.83
25.66,1.6600000000000001
25.81,1.81
25.06,1.06
25.77,1.77
25.65,1.65
25.94,1.94
25.68,19.68
25.8,19.8
25.43,19.43
25.23,19.23
25.74,19.74
25.49,19.49
25.13,19.13
25.77,19.77
25.13,19.13
25.99,19.99
25.94,20.94
25.77,20.77
25.61,20.61
25.47,20.47
25.59,20.59
25.17,20.17
25.85,20.85
25.07,20.07
25.4,20.4
25.7,20.7
25.34,26.34
25.46,26.46
25.11,26.11
25.47,26.47
25.06,26.06
25.66,26.66
25.06,26.06
25.25,26.25
25.47,26.47
25.65,26.65
25.52,37.52
25.64,37.64
25.55,37.55
25.97,37.97
25.09,37.09
25.26,37.26
25.71,37.71
25.59,37.59
25.31,37.31
25.52,37.52
25.36,38.36
25.3,38.3
25.52,38.52
25.75,38.75
25.29,38.29
25.15,38.15
25.01,38.01
25.53,38.53
25.43,38.43
25.77,38.77
26.07,0.07
26.24,0.24
26.59,0.59
26.78,0.78
26.83,0.83
26.47,0.47
26.58,0.58
26.94,0.94
26.3,0.3
26.58,0.58
26.81,1.81
26.4,1.4
26.38,1.38
26.53,1.53
26.54,1.54
26.06,1.06
26.85,1.85
26.3,1.3
26.97,1.97
26.64,1.6400000000000001
26.75,6.75
26.57,6.57
26.45,6.45
26.26,6.26
26.77,6.77
26.53,6.53
26.79,6.79
26.57,6.57
26.43,6.43
26.04,6.04
26.18,7.18
26.22,7.22
27.0,8.0
26.11,7.11
26.12,7.12
26.89,7.89
26.72,7.72
26.03,7.03
26.96,7.96
26.16,7.16
26.34,8.34
26.18,8.18
26.82,8.82
26.54,8.54
26.03,8.03
26.28,8.28
26.22,8.22
26.58,8.58
26.69,8.69
26.52,8.52
26.29,15.29
26.16,15.16
26.54,15.54
26.5,15.5
26.1,15.1
26.4,15.4
26.57,15.57
26.77,15.77
26.05,15.05
26.4,15.4
26.04,26.04
26.55,26.55
26.85,26.85
26.33,26.33
26.68,26.68
26.34,26.34
26.56,26.56
26.09,26.09
26.12,26.12
26.26,26.26
26.35,37.35
27.0,38.0
26.08,37.08
26.3,37.3
26.54,37.54
26.2,37.2
26.07,37.07
26.37,37.37
26.06,37.06
26.37,37.37
27.34,0.34
27.1,0.1
27.97,0.97
27.13,0.13
27.64,0.64
27.76,0.76
27.28,0.28
27.75,0.75
27.25,0.25
27.01,0.01
27.63,5.63
27.76,5.76
27.43,5.43
27.8,5.8
27.31,5.31
27.46,5.46
27.72,5.72
27.57,5.57
27.61,5.61
27.42,5.42
27.23,8.23
27.26,8.26
27.94,8.94
27.31,8.31
27.16,8.16
27.42,8.42
27.92,8.92
27.55,8.55
27.86,8.86
27.97,8.97
27.18,15.18
27.02,15.02
27.96,15.96
27.7,15.7
27.47,15.47
27.22,15.22
27.45,15.45
27.9,15.9
27.57,15.57
27.29,15.29
27.05,20.05
27.77,20.77
27.12,20.12
27.67,20.67
27.33,20.33
27.43,20.43
27.0,20.0
27.3,20.3
27.79,20.79
27.16,20.16
27.61,26.61
27.18,26.18
27.12,26.12
28.0,27.0
27.8,26.8
27.15,26.15
27.07,26.07
27.47,26.47
27.12,26.12
27.54,26.54
27.58,27.58
27.86,27.86
27.44,27.44
27.01,27.01
27.61,27.61
27.81,27.81
27.69,27.69
27.22,27.22
27.55,27.55
27.73,27.73
27.95,28.95
27.74,28.74
27.75,28.75
27.33,28.33
27.41,28.41
27.04,28.04
27.09,28.09
28.0,29.0
27.4,28.4
27.19,28.19
27.24,29.24
27.68,29.68
27.95,29.95
27.78,29.78
27.62,29.62
27.1,29.1
27.19,29.19
27.49,29.49
27.54,29.54
27.05,29.05
27.27,37.27
27.12,37.12
27.71,37.71
27.92,37.92
27.55,37.55
27.98,37.98
27.77,37.77
27.66,37.66
27.97,37.97
27.01,37.01
28.71,0.71
28.06,0.06
28.07,0.07
28.49,0.49
28.76,0.76
28.12,0.12
28.34,0.34
28.81,0.81
28.26,0.26
28.34,0.34
28.62,1.62
28.76,1.76
28.72,1.72
28.95,1.95
28.38,1.38
28.57,1.5699999999999998
28.58,1.58
28.8,1.8
28.54,1.54
28.16,1.16
28.12,2.12
28.77,2.77
28.45,2.45
28.79,2.79
28.85,2.85
28.34,2.34
28.2,2.2
28.13,2.13
28.89,2.89
28.04,2.04
28.92,3.92
28.04,3.04
28.71,3.71
28.0,3.0
28.4,3.4
28.28,3.2800000000000002
28.51,3.51
28.88,3.88
28.93,3.93
28.06,3.06
28.2,4.2
28.76,4.76
28.78,4.78
28.96,4.96
28.39,4.39
28.37,4.37
28.71,4.71
28.5,4.5
28.99,4.99
28.02,4.02
28.47,4.47
28.65,4.65
28.48,4.48
28.92,4.92
28.56,4.5600000000000005
28.21,4.21
28.71,4.71
28.73,4.73
28.53,4.53
28.47,4.47
28.96,5.96
28.2,5.2
28.89,5.89
28.69,5.6899999999999995
28.65,5.65
28.99,5.99
28.0,5.0
28.25,5.25
28.88,5.88
28.96,5.96
28.57,8.57
28.63,8.63
28.05,8.05
28.19,8.19
28.48,8.48
28.51,8.51
28.77,8.77
28.97,8.97
28.19,8.19
28.87,8.87
28.13,12.13
28.03,12.03
28.64,12.64
28.34,12.34
28.06,12.06
28.69,12.69
28.08,12.08
28.33,12.33
28.71,12.71
28.91,12.91
28.65,13.65
28.46,13.46
28.92,13.92
28.4,13.4
28.39,13.39
28.41,13.41
28.29,13.29
28.87,13.87
28.34,13.34
28.84,13.84
28.55,14.55
28.54,14.54
28.83,14.83
28.83,14.83
28.71,14.71
28.43,14.43
28.36,14.36
28.68,14.68
28.93,14.93
28.53,14.53
28.07,15.07
28.84,15.84
28.25,15.25
28.94,15.94
28.16,15.16
28.36,15.36
28.65,15.65
28.64,15.64
28.97,15.97
28.08,15.08
28.79,18.79
28.29,18.29
28.13,18.13
28.82,18.82
28.93,18.93
28.93,18.93
28.55,18.55
28.21,18.21
28.33,18.33
28.83,18.83
28.45,19.45
28.33,19.33
28.87,19.87
28.21,19.21
28.28,19.28
28.21,19.21
28.61,19.61
28.79,19.79
28.81,19.81
28.45,19.45
28.26,20.26
28.95,20.95
28.83,20.83
28.05,20.05
28.59,20.59
28.27,20.27
28.29,20.29
28.1,20.1
28.57,20.57
28.75,20.75
28.19,29.19
28.28,29.28
28.49,29.49
28.67,29.67
28.25,29.25
28.12,29.12
28.9,29.9
28.73,29.73
28.23,29.23
28.83,29.83
28.84,31.84
28.67,31.67
28.57,31.57
28.23,31.23
28.48,31.48
28.84,31.84
28.16,31.16
28.8,31.8
28.53,31.53
28.42,31.42
28.69,32.69
28.77,32.77
28.94,32.94
28.59,32.59
28.51,32.51
28.46,32.46
28.65,32.65
28.99,32.99
28.62,32.62
28.46,32.46
28.35,35.35
28.36,35.36
28.02,35.02
28.49,35.49
28.91,35.91
28.18,35.18
28.85,35.85
28.84,35.84
28.52,35.52
28.09,35.09
28.14,36.14
28.2,36.2
28.94,36.94
28.59,36.59
28.99,36.99
28.7,36.7
28.91,36.91
28.5,36.5
28.8,36.8
28.34,36.34
28.24,37.24
28.8,37.8
28.93,37.93
28.78,37.78
28.62,37.62
28.15,37.15
28.86,37.86
28.04,37.04
28.42,37.42
28.64,37.64
29.15,9.15
29.02,9.02
29.85,9.85
29.37,9.37
29.04,9.04
29.03,9.03
29.26,9.26
29.7,9.7
29.59,9.59
29.54,9.54
29.24,10.24
29.08,10.08
29.27,10.27
29.45,10.45
29.22,10.22
29.35,10.35
29.94,10.94
29.42,10.42
29.2,10.2
29.63,10.63
29.19,11.19
29.89,11.89
29.97,11.97
29.08,11.08
29.15,11.15
29.83,11.83
29.83,11.83
29.7,11.7
29.09,11.09
29.2,11.2
29.89,12.89
29.4,12.4
29.07,12.07
29.96,12.96
29.71,12.71
29.34,12.34
29.1,12.1
29.35,12.35
29.3,12.3
29.41,12.41
29.55,18.55
29.56,18.56
29.43,18.43
29.28,18.28
29.35,18.35
29.31,18.31
29.32,18.32
29.51,18.51
29.79,18.79
29.53,18.53
29.21,32.21
29.64,32.64
29.02,32.02
29.01,32.01
29.38,32.38
29.74,32.74
29.13,32.13
29.15,32.15
29.25,32.25
29.65,32.65
29.91,33.91
29.79,33.79
29.16,33.16
29.67,33.67
29.87,33.87
29.91,33.91
29.04,33.04
29.87,33.87
29.77,33.77
29.45,33.45
29.7,34.7
29.16,34.16
29.54,34.54
29.04,34.04
29.71,34.71
29.25,34.25
29.62,34.62
29.92,34.92
29.89,34.89
29.21,34.21
29.53,35.53
29.65,35.65
29.9,35.9
29.03,35.03
29.47,35.47
29.32,35.32
29.65,35.65
29.38,35.38
29.58,35.58
29.61,35.61
30.13,18.13
30.44,18.44
30.4,18.4
30.61,18.61
30.19,18.19
30.74,18.74
30.53,18.53
30.19,18.19
30.78,18.78
30.47,18.47
31.09,18.09
31.07,18.07
31.24,18.24
31.01,18.01
31.01,18.01
31.94,18.94
31.27,18.27
31.39,18.39
31.24,18.24
31.56,18.56
32.94,18.94
32.23,18.23
32.88,18.88
32.03,18.03
32.65,18.65
32.05,18.05
32.14,18.14
32.06,18.06
32.47,18.47
32.12,18.12
33.51,18.51
33.46,18.46
33.4,18.4
33.46,18.46
33.19,18.19
33.37,18.37
33.44,18.44
33.79,18.79
33.19,18.19
33.73,18.73
33.07,27.07
33.79,27.79
33.04,27.04
33.6,27.6
33.75,27.75
33.46,27.46
33.78,27.78
33.3,27.3
33.66,27.66
33.13,27.13
33.81,28.81
33.51,28.51
33.3,28.3
33.97,28.97
33.45,28.45
33.41,28.41
33.59,28.59
33.72,28.72
33.13,28.13
33.16,28.16
33.4,29.4
33.22,29.22
33.26,29.26
33.21,29.21
33.37,29.37
33.85,29.85
33.62,29.62
33.09,29.09
33.88,29.88
33.55,29.55
33.1,30.1
33.56,30.56
33.62,30.62
33.02,30.02
33.06,30.06
33.03,30.03
33.05,30.05
33.29,30.29
33.3,30.3
33.13,30.13
33.15,31.15
33.19,31.19
33.36,31.36
33.22,31.22
33.91,31.91
33.66,31.66
33.46,31.46
33.32,31.32
33.92,31.92
33.13,31.13
33.91,32.91
33.16,32.16
33.52,32.52
33.55,32.55
33.0,32.0
33.12,32.12
33.54,32.54
33.07,32.07
33.6,32.6
33.93,32.93
34.19,18.19
34.01,18.01
34.05,18.05
34.12,18.12
34.88,18.88
34.85,18.85
34.97,18.97
34.73,18.73
34.37,18.37
34.14,18.14
34.11,19.11
34.05,19.05
34.99,19.99
34.15,19.15
34.24,19.24
34.82,19.82
34.7,19.7
34.63,19.63
34.19,19.19
34.41,19.41
34.94,23.94
34.59,23.59
34.17,23.17
34.29,23.29
34.74,23.74
34.01,23.01
34.01,23.01
34.18,23.18
34.09,23.09
34.62,23.62
34.65,24.65
34.76,24.76
34.97,24.97
34.16,24.16
34.46,24.46
34.81,24.81
34.2,24.2
34.07,24.07
34.46,24.46
34.44,24.44
34.43,25.43
34.56,25.56
34.12,25.12
35.0,26.0
34.88,25.88
34.46,25.46
34.11,25.11
34.01,25.01
34.33,25.33
34.34,25.34
34.64,26.64
34.02,26.02
35.0,27.0
34.13,26.13
34.8,26.8
34.97,26.97
34.15,26.15
34.44,26.44
34.72,26.72
34.0,26.0
34.74,33.74
34.11,33.11
34.33,33.33
34.58,33.58
34.51,33.51
34.62,33.62
34.23,33.23
34.19,33.19
34.68,33.68
34.02,33.02
34.92,34.92
34.24,34.24
34.69,34.69
34.54,34.54
34.44,34.44
34.1,34.1
34.95,34.95
34.78,34.78
34.48,34.48
34.0,34.0
35.75,19.75
35.12,19.12
35.92,19.92
35.0,19.0
35.62,19.62
35.27,19.27
35.88,19.88
35.82,19.82
35.93,19.93
35.47,19.47
35.79,19.79
35.9,19.9
35.46,19.46
35.61,19.61
35.03,19.03
35.34,19.34
35.24,19.24
35.8,19.8
35.0,19.0
35.64,19.64
36.0,24.0
35.01,23.01
35.9,23.9
35.33,23.33
35.94,23.94
35.21,23.21
35.39,23.39
35.47,23.47
35.06,23.06
35.03,23.03
35.71,34.71
35.46,34.46
35.97,34.97
35.48,34.48
35.26,34.26
35.7,34.7
35.45,34.45
35.99,34.99
35.85,34.85
35.21,34.21
35.66,35.66
35.23,35.23
35.12,35.12
35.9,35.9
35.91,35.91
35.96,35.96
35.91,35.91
35.52,35.52
35.4,35.4
35.95,35.95
35.14,36.14
35.19,36.19
35.86,36.86
35.28,36.28
35.67,36.67
35.8,36.8
35.24,36.24
35.6,36.6
35.99,36.99
35.19,36.19
36.53,18.53
36.78,18.78
36.51,18.51
36.06,18.06
36.41,18.41
36.65,18.65
36.64,18.64
36.01,18.01
36.35,18.35
36.66,18.66
36.91,19.91
36.89,19.89
36.58,19.58
36.0,19.0
36.13,19.13
36.54,19.54
36.16,19.16
36.27,19.27
36.86,19.86
36.51,19.51
36.34,23.34
36.24,23.24
36.07,23.07
36.84,23.84
36.71,23.71
36.84,23.84
36.52,23.52
36.19,23.19
36.79,23.79
36.99,23.99
36.05,36.05
36.35,36.35
36.16,36.16
36.42,36.42
36.34,36.34
36.27,36.27
36.71,36.71
36.46,36.46
36.77,36.77
36.26,36.26
37.4,18.4
37.44,18.44
37.61,18.61
37.42,18.42
37.22,18.22
37.31,18.31
37.92,18.92
37.99,18.99
38.0,19.0
37.26,18.26
37.62,22.62
37.76,22.76
37.79,22.79
37.26,22.26
37.73,22.73
37.1,22.1
37.3,22.3
37.28,22.28
37.66,22.66
37.42,22.42
37.29,22.29
37.6,22.6
37.04,22.04
37.78,22.78
37.46,22.46
37.92,22.92
37.21,22.21
37.54,22.54
37.79,22.79
37.75,22.75
37.33,23.33
37.03,23.03
37.04,23.04
37.16,23.16
37.27,23.27
37.2,23.2
37.25,23.25
37.72,23.72
37.04,23.04
37.59,23.59
37.9,36.9
37.27,36.27
37.9,36.9
37.36,36.36
37.68,36.68
37.44,36.44
37.36,36.36
37.32,36.32
37.67,36.67
37.16,36.16
38.99,18.99
38.51,18.51
38.92,18.92
38.2,18.2
38.2,18.2
38.17,18.17
38.74,18.74
38.41,18.41
38.02,18.02
38.83,18.83
38.03,19.03
38.05,19.05
38.26,19.26
38.2,19.2
38.05,19.05
38.0,19.0
38.45,19.45
38.85,19.85
38.44,19.44
38.7,19.7
38.69,20.69
38.09,20.09
38.35,20.35
38.44,20.44
38.64,20.64
38.08,20.08
38.38,20.38
38.82,20.82
38.45,20.45
38.89,20.89
38.8,22.8
38.9,22.9
39.0,23.0
38.19,22.19
38.22,22.22
38.81,22.81
38.73,22.73
38.49,22.49
38.43,22.43
38.33,22.33
38.11,23.11
38.89,23.89
38.82,23.82
38.24,23.24
38.63,23.63
38.01,23.01
38.68,23.68
38.47,23.47
38.59,23.59
38.77,23.77
38.53,36.53
38.57,36.57
38.24,36.24
38.3,36.3
38.04,36.04
38.08,36.08
38.32,36.32
38.86,36.86
38.35,36.35
38.64,36.64
39.26,18.26
39.17,18.17
39.13,18.13
39.3,18.3
39.01,18.01
39.91,18.91
39.87,18.87
39.84,18.84
39.7,18.7
39.35,18.35
39.99,23.99
39.81,23.81
39.57,23.57
39.42,23.42
39.35,23.35
39.1,23.1
39.49,23.49
39.58,23.58
39.38,23.38
39.59,23.59
39.43,36.43
39.96,36.96
39.77,36.77
39.11,36.11
39.96,36.96
39.66,36.66
39.78,36.78
39.0,36.0
39.39,36.39
39.29,36.29
40.93,18.93
40.75,18.75
40.27,18.27
40.86,18.86
40.52,18.52
40.01,18.01
40.53,18.53
40.45,18.45
40.4,18.4
40.43,18.43
40.23,19.23
40.69,19.69
40.58,19.58
40.47,19.47
40.06,19.06
40.47,19.47
40.94,19.94
40.09,19.09
40.79,19.79
40.46,19.46
40.97,23.97
40.63,23.63
40.21,23.21
40.49,23.49
40.8,23.8
40.27,23.27
40.81,23.81
40.06,23.06
40.98,23.98
40.14,23.14
40.69,24.69
40.12,24.12
40.91,24.91
40.19,24.19
40.46,24.46
40.49,24.49
40.81,24.81
40.85,24.85
40.82,24.82
40.15,24.15
40.39,34.39
40.6,34.6
40.45,34.45
40.71,34.71
40.84,34.84
40.89,34.89
40.56,34.56
40.61,34.61
40.26,34.26
40.53,34.53
40.76,35.76
40.34,35.34
40.6,35.6
40.28,35.28
40.04,35.04
40.24,35.24
40.5,35.5
40.58,35.58
40.34,35.34
40.19,35.19
40.12,36.12
40.15,36.15
40.44,36.44
40.94,36.94
40.54,36.54
40.0,36.0
40.55,36.55
40.1,36.1
40.97,36.97
40.32,36.32
41.02,18.02
41.66,18.66
41.7,18.7
41.09,18.09
41.37,18.37
41.44,18.44
41.25,18.25
41.55,18.55
41.1,18.1
41.06,18.06
41.99,24.99
41.52,24.52
41.18,24.18
41.48,24.48
41.36,24.36
41.66,24.66
41.96,24.96
41.75,24.75
41.5,24.5
41.61,24.61
41.37,34.37
41.03,34.03
41.95,34.95
41.26,34.26
41.48,34.48
41.78,34.78
41.71,34.71
41.85,34.85
41.1,34.1
41.54,34.54
42.61,18.61
42.21,18.21
42.85,18.85
42.49,18.49
42.81,18.81
42.87,18.87
42.55,18.55
42.38,18.38
42.34,18.34
42.64,18.64
42.22,25.22
42.57,25.57
42.44,25.44
42.94,25.94
42.06,25.06
42.2,25.2
42.64,25.64
42.81,25.81
42.58,25.58
42.19,25.19
42.37,26.37
42.22,26.22
42.4,26.4
42.01,26.01
42.76,26.76
42.72,26.72
42.38,26.38
42.8,26.8
42.1,26.1
42.82,26.82
42.85,27.85
42.38,27.38
42.27,27.27
42.89,27.89
42.76,27.76
42.1,27.1
42.19,27.19
42.56,27.56
42.72,27.72
42.24,27.24
42.24,28.24
42.4,28.4
42.68,28.68
42.94,28.94
42.66,28.66
42.66,28.66
42.79,28.79
42.16,28.16
42.62,28.62
42.05,28.05
42.08,34.08
42.22,34.22
42.73,34.73
42.43,34.43
42.53,34.53
42.63,34.63
42.22,34.22
42.6,34.6
42.23,34.23
42.39,34.39
43.61,28.61
43.39,28.39
43.23,28.23
43.21,28.21
43.42,28.42
43.36,28.36
43.73,28.73
43.48,28.48
43.81,28.81
43.9,28.9
43.06,29.06
43.84,29.84
43.24,29.24
43.01,29.01
43.2,29.2
43.29,29.29
43.07,29.07
43.35,29.35
43.84,29.84
43.74,29.74
43.08,30.08
43.17,30.17
43.08,30.08
43.27,30.27
43.42,30.42
43.1,30.1
43.03,30.03
43.29,30.29
43.0,30.0
43.86,30.86
43.57,34.57
43.77,34.77
43.45,34.45
43.03,34.03
43.25,34.25
43.66,34.66
43.6,34.6
43.1,34.1
43.84,34.84
43.65,34.65
44.54,17.54
44.44,17.44
44.63,17.63
44.79,17.79
44.48,17.48
44.39,17.39
44.64,17.64
44.95,17.95
44.94,17.94
44.9,17.9
44.85,18.85
44.11,18.11
44.24,18.24
44.66,18.66
44.2,18.2
44.98,18.98
44.31,18.31
44.26,18.26
44.87,18.87
44.04,18.04
44.77,30.77
44.27,30.27
44.62,30.62
44.25,30.25
44.1,30.1
44.1,30.1
44.77,30.77
44.6,30.6
44.66,30.66
44.23,30.23
44.47,31.47
44.79,31.79
44.63,31.63
44.27,31.27
44.63,31.63
44.33,31.33
44.56,31.56
44.07,31.07
44.61,31.61
44.1,31.1
44.83,32.83
44.37,32.37
44.28,32.28
44.16,32.16
44.56,32.56
44.61,32.61
44.19,32.19
44.44,32.44
44.75,32.75
44.54,32.54
44.42,33.42
44.55,33.55
44.81,33.81
44.47,33.47
44.46,33.46
44.77,33.77
44.62,33.62
44.81,33.81
44.42,33.42
44.22,33.22
45.04,17.04
45.82,17.82
45.98,17.98
45.21,17.21
45.5,17.5
45.73,17.73
45.53,17.53
45.27,17.27
45.73,17.73
45.1,17.1
47.0,18.0
46.75,17.75
46.03,17.03
46.68,17.68
46.48,17.48
46.02,17.02
46.58,17.58
46.29,17.29
46.43,17.43
46.01,17.01
47.27,17.27
47.34,17.34
47.24,17.24
47.55,17.55
47.25,17.25
47.45,17.45
47.06,17.06
47.72,17.72
47.48,17.48
47.54,17.54
47.8,18.8
47.94,18.94
47.86,18.86
47.93,18.93
47.96,18.96
47.59,18.59
47.33,18.33
47.63,18.63
47.42,18.42
47.04,18.04
48.26,18.26
48.69,18.69
48.28,18.28
48.39,18.39
48.17,18.17
48.41,18.41
48.93,18.93
48.88,18.88
48.43,18.43
48.36,18.36
49.59,17.59
49.2,17.2
49.14,17.14
49.01,17.01
49.63,17.63
49.58,17.58
49.33,17.33
49.14,17.14
49.59,17.59
49.92,17.92
49.84,17.84
49.12,17.12
49.76,17.76
49.04,17.04
49.08,17.08
49.39,17.39
49.64,17.64
49.7,17.7
49.78,17.78
49.32,17.32
49.47,18.47
49.61,18.61
49.05,18.05
49.44,18.44
49.39,18.39
49.38,18.38
49.31,18.31
49.65,18.65
49.57,18.57
49.02,18.02
50.73,17.73
50.08,17.08
50.09,17.09
50.63,17.63
50.35,17.35
50.44,17.44
50.62,17.62
50.85,17.85
50.89,17.89
50.17,17.17
51.3,17.3
51.13,17.13
51.2,17.2
51.54,17.54
51.4,17.4
51.38,17.38
51.41,17.41
51.65,17.65
51.61,17.61
51.16,17.16
52.9,17.9
52.89,17.89
52.31,17.31
52.07,17.07
52.09,17.09
52.49,17.49
52.67,17.67
52.63,17.63
52.57,17.57
52.67,17.67
53.77,17.77
53.43,17.43
53.06,17.06
53.84,17.84
53.01,17.01
53.69,17.69
53.41,17.41
53.39,17.39
53.72,17.72
53.43,17.43
53.49,18.49
53.67,18.67
53.35,18.35
53.85,18.85
53.93,18.93
53.57,18.57
53.52,18.52
53.01,18.01
53.36,18.36
53.03,18.03
54.97,18.97
54.66,18.66
54.43,18.43
54.09,18.09
54.23,18.23
54.21,18.21
54.14,18.14
54.43,18.43
54.67,18.67
54.68,18.68
55.07,18.07
55.33,18.33
55.18,18.18
55.74,18.74
55.87,18.87
55.01,18.01
55.75,18.75
55.1,18.1
55.02,18.02
55.47,18.47
55.83,20.83
55.2,20.2
55.26,20.26
55.28,20.28
55.19,20.19
55.68,20.68
55.84,20.84
55.47,20.47
55.39,20.39
55.14,20.14
56.97,18.97
56.07,18.07
56.07,18.07
56.44,18.44
56.87,18.87
56.54,18.54
56.6,18.6
56.01,18.01
56.06,18.06
56.49,18.49
56.58,19.58
56.19,19.19
56.54,19.54
56.93,19.93
56.04,19.04
56.92,19.92
57.0,20.0
56.87,19.87
56.87,19.87
56.88,19.88
56.86,20.86
57.0,21.0
56.48,20.48
56.46,20.46
56.29,20.29
56.85,20.85
56.49,20.49
56.05,20.05
56.2,20.2
56.41,20.41
58.61,20.61
58.54,20.54
58.36,20.36
58.99,20.99
58.79,20.79
58.01,20.01
58.18,20.18
58.9,20.9
58.38,20.38
58.1,20.1
59.17,20.17
59.9,20.9
59.6,20.6
59.65,20.65
59.31,20.31
59.42,20.42
59.29,20.29
59.5,20.5
59.61,20.61
59.03,20.03
59.71,21.71
59.51,21.51
59.19,21.19
59.71,21.71
59.27,21.27
59.61,21.61
59.34,21.34
59.67,21.67
59.76,21.76
59.8,21.8
59.64,22.64
59.76,22.76
59.03,22.03
59.75,22.75
59.04,22.04
59.41,22.41
59.35,22.35
59.13,22.13
59.39,22.39
59.36,22.36
60.33,22.33
60.87,22.87
60.37,22.37
60.8,22.8
60.64,22.64
60.27,22.27
60.71,22.71
60.24,22.24
60.51,22.51
60.38,22.38
61.39,22.39
61.7,22.7
61.76,22.76
61.85,22.85
61.35,22.35
61.01,22.01
61.41,22.41
61.89,22.89
61.24,22.24
61.81,22.81
61.74,29.74
61.08,29.08
61.96,29.96
61.56,29.56
61.11,29.11
61.23,29.23
61.28,29.28
61.74,29.74
61.03,29.03
61.95,29.95
61.04,30.04
61.8,30.8
61.54,30.54
61.83,30.83
61.31,30.31
61.37,30.37
61.83,30.83
61.43,30.43
61.69,30.69
61.29,30.29
61.69,31.69
61.22,31.22
61.14,31.14
61.79,31.79
61.88,31.88
61.65,31.65
61.3,31.3
61.92,31.92
61.55,31.55
61.81,31.81
62.84,28.84
62.82,28.82
62.51,28.51
62.87,28.87
62.3,28.3
62.92,28.92
62.92,28.92
62.27,28.27
62.57,28.57
62.66,28.66
62.7,29.7
62.1,29.1
62.66,29.66
62.15,29.15
62.26,29.26
62.38,29.38
62.86,29.86
62.09,29.09
62.79,29.79
62.57,29.57
62.39,31.39
63.0,32.0
62.05,31.05
62.12,31.12
62.37,31.37
62.43,31.43
62.25,31.25
62.1,31.1
62.38,31.38
62.66,31.66
63.95,22.95
63.63,22.63
63.94,22.94
63.02,22.02
63.75,22.75
63.7,22.7
63.89,22.89
63.44,22.44
63.26,22.26
63.35,22.35
63.2,23.2
63.68,23.68
63.9,23.9
63.73,23.73
63.37,23.37
63.56,23.56
63.93,23.93
63.39,23.39
63.78,23.78
63.3,23.3
63.16,24.16
63.1,24.1
63.08,24.08
63.79,24.79
63.87,24.87
63.13,24.13
63.53,24.53
63.86,24.86
63.49,24.49
63.97,24.97
63.94,25.94
63.09,25.09
63.22,25.22
63.58,25.58
63.32,25.32
63.48,25.48
63.31,25.31
63.1,25.1
63.68,25.68
63.31,25.31
63.51,26.51
63.51,26.51
63.98,26.98
63.14,26.14
63.22,26.22
63.99,26.99
63.76,26.76
63.02,26.02
63.3,26.3
63.5,26.5
63.29,27.29
63.52,27.52
63.57,27.57
63.3,27.3
63.47,27.47
63.07,27.07
63.81,27.81
63.2,27.2
63.96,27.96
63.47,27.47
63.22,28.22
63.38,28.38
63.97,28.97
63.12,28.12
63.28,28.28
63.04,28.04
63.52,28.52
63.11,28.11
63.3,28.3
63.91,28.91
63.75,31.75
63.8,31.8
63.18,31.18
63.34,31.34
63.53,31.53
63.49,31.49
63.1,31.1
63.16,31.16
63.69,31.69
63.44,31.44
65.84,31.84
65.03,31.03
65.83,31.83
65.1,31.1
65.74,31.74
65.56,31.56
65.41,31.41
65.92,31.92
65.45,31.45
65.79,31.79
66.2,31.2
66.05,31.05
66.06,31.06
66.02,31.02
66.75,31.75
66.81,31.81
66.33,31.33
66.25,31.25
66.44,31.44
66.68,31.68
68.53,31.53
68.8,31.8
68.43,31.43
68.34,31.34
68.21,31.21
68.03,31.03
68.61,31.61
68.58,31.58
68.25,31.25
68.07,31.07
69.98,31.98
69.59,31.59
69.61,31.61
69.54,31.54
69.39,31.39
69.62,31.62
69.88,31.88
69.4,31.4
69.85,31.85
69.43,31.43
70.23,31.23
70.3,31.3
70.24,31.24
70.87,31.87
70.83,31.83
70.85,31.85
70.82,31.82
70.63,31.63
70.38,31.38
70.9,31.9
72.81,31.81
72.35,31.35
72.38,31.38
72.59,31.59
72.97,31.97
72.4,31.4
72.31,31.31
72.39,31.39
72.95,31.95
72.65,31.65
72.89,31.89
72.56,31.56
72.66,31.66
72.12,31.12
72.32,31.32
72.29,31.29
72.36,31.36
72.22,31.22
72.39,31.39
72.43,31.43
