2.94,7.9399999999999995
2.5,7.5
2.76,7.76
2.3,7.3
2.82,7.82
2.31,7.31
2.54,7.54
2.82,7.82
2.68,7.68
2.4,7.4
2.09,8.09
2.95,8.95
2.11,8.11
2.03,8.03
2.83,8.83
2.71,8.71
2.5,8.5
2.7800000000000002,8.78
2.17,8.17
2.38,8.38
2.01,9.01
2.33,9.33
2.79,9.79
2.07,9.07
2.58,9.58
2.77,9.77
2.69,9.69
2.01,9.01
2.46,9.46
2.05,9.05
2.14,10.14
2.98,10.98
2.83,10.83
2.88,10.88
2.62,10.62
2.21,10.21
2.03,10.03
2.58,10.58
2.74,10.74
2.94,10.94
3.7800000000000002,3.7800000000000002
3.67,3.67
3.68,3.68
3.2,3.2
3.38,3.38
3.84,3.84
3.2800000000000002,3.2800000000000002
3.98,3.98
3.38,3.38
3.94,3.94
3.64,4.64
3.62,4.62
3.5300000000000002,4.53
3.25,4.25
3.04,4.04
3.73,4.73
3.58,4.58
3.09,4.09
3.54,4.54
3.95,4.95
3.21,5.21
3.76,5.76
3.46,5.46
3.38,5.38
3.48,5.48
3.0,5.0
3.31,5.31
3.32,5.32
3.58,5.58
3.17,5.17
3.68,6.68
3.61,6.61
3.25,6.25
3.8,6.8
3.2800000000000002,6.28
3.14,6.14
3.39,6.39
3.74,6.74
3.48,6.48
4.0,7.0
3.45,7.45
3.19,7.19
3.09,7.09
3.05,7.05
3.21,7.21
3.7199999999999998,7.72
3.87,7.87
3.61,7.61
3.13,7.13
3.91,7.91
3.63,10.63
3.96,10.96
3.11,10.11
3.87,10.87
3.87,10.87
3.82,10.82
3.74,10.74
3.44,10.44
3.91,10.91
3.39,10.39
3.29,14.29
3.24,14.24
3.7,14.7
3.01,14.01
3.61,14.61
3.06,14.06
3.65,14.65
3.7800000000000002,14.78
3.2800000000000002,14.28
3.0,14.0
3.9699999999999998,15.97
3.46,15.46
3.56,15.56
3.9699999999999998,15.97
3.77,15.77
3.81,15.81
3.43,15.43
3.61,15.61
3.18,15.18
3.7,15.7
3.19,16.19
3.05,16.05
3.65,16.65
3.41,16.41
3.64,16.64
4.0,17.0
3.24,16.24
3.41,16.41
3.25,16.25
3.64,16.64
3.12,17.12
3.82,17.82
3.9,17.9
3.84,17.84
3.86,17.86
3.68,17.68
3.84,17.84
3.22,17.22
3.36,17.36
3.14,17.14
4.06,3.06
4.67,3.67
4.07,3.07
4.3,3.3
4.26,3.26
4.12,3.12
4.5600000000000005,3.56
4.54,3.54
4.02,3.02
4.89,3.89
4.34,10.34
4.05,10.05
4.77,10.77
4.28,10.28
4.47,10.47
4.86,10.86
4.75,10.75
4.7,10.7
4.42,10.42
4.34,10.34
4.68,11.68
4.92,11.92
4.22,11.22
4.71,11.71
4.16,11.16
4.9,11.9
4.36,11.36
4.43,11.43
4.5,11.5
4.62,11.62
4.17,12.17
4.18,12.18
4.72,12.72
4.57,12.57
4.77,12.77
4.39,12.39
4.27,12.27
4.05,12.05
4.45,12.45
4.3,12.3
4.59,13.59
4.9399999999999995,13.94
4.66,13.66
4.23,13.23
4.95,13.95
4.71,13.71
4.7,13.7
4.25,13.25
4.96,13.96
4.66,13.66
4.38,14.38
4.95,14.95
4.58,14.58
4.83,14.83
4.89,14.89
5.0,15.0
4.6,14.6
4.16,14.16
4.53,14.53
4.25,14.25
4.1,17.1
4.71,17.71
4.54,17.54
4.78,17.78
4.32,17.32
4.92,17.92
4.61,17.61
4.26,17.26
4.97,17.97
4.79,17.79
5.21,3.21
5.7,3.7
5.37,3.37
5.52,3.52
5.87,3.87
5.13,3.13
5.1,3.1
5.11,3.11
5.51,3.51
5.73,3.73
5.9399999999999995,17.94
5.83,17.83
5.9,17.9
5.16,17.16
5.77,17.77
5.8100000000000005,17.81
5.74,17.74
5.14,17.14
5.19,17.19
5.24,17.24
6.36,3.36
6.41,3.41
6.95,3.95
6.12,3.12
6.2,3.2
6.39,3.39
6.35,3.35
6.91,3.91
6.63,3.63
6.01,3.01
6.31,4.31
6.61,4.61
6.3,4.3
6.5,4.5
6.3,4.3
6.9,4.9
6.19,4.19
6.82,4.82
6.76,4.76
6.26,4.26
6.26,17.26
6.2,17.2
6.01,17.01
6.98,17.98
6.67,17.67
6.91,17.91
6.03,17.03
6.89,17.89
6.8100000000000005,17.81
6.8100000000000005,17.81
6.74,55.74
6.42,55.42
6.57,55.57
6.86,55.86
6.51,55.51
6.4,55.4
6.0,55.0
6.01,55.01
6.7,55.7
6.22,55.22
6.34,59.34
6.05,59.05
6.01,59.01
6.06,59.06
6.36,59.36
6.58,59.58
6.13,59.13
6.33,59.33
6.58,59.58
6.01,59.01
6.8,60.8
6.55,60.55
6.77,60.77
6.43,60.43
6.5,60.5
6.18,60.18
6.43,60.43
6.18,60.18
6.75,60.75
6.74,60.74
6.5,61.5
6.82,61.82
6.58,61.58
6.7,61.7
6.25,61.25
6.57,61.57
6.87,61.87
6.35,61.35
6.33,61.33
6.95,61.95
7.5,4.5
7.8,4.8
7.66,4.66
7.2,4.2
7.72,4.72
7.36,4.36
7.34,4.34
7.28,4.28
7.17,4.17
7.66,4.66
7.26,17.26
7.66,17.66
7.92,17.92
7.46,17.46
7.28,17.28
7.31,17.31
7.17,17.17
7.5,17.5
7.31,17.31
7.39,17.39
7.65,18.65
7.67,18.67
7.65,18.65
7.6899999999999995,18.69
7.9,18.9
7.24,18.24
7.09,18.09
7.13,18.13
7.7,18.7
7.71,18.71
7.84,19.84
7.18,19.18
7.74,19.74
7.3,19.3
7.25,19.25
7.52,19.52
7.92,19.92
7.9399999999999995,19.94
7.38,19.38
7.08,19.08
7.27,20.27
7.21,20.21
7.61,20.61
7.79,20.79
7.6899999999999995,20.69
7.31,20.31
7.83,20.83
7.22,20.22
7.35,20.35
7.13,20.13
7.19,47.19
7.38,47.38
7.37,47.37
7.05,47.05
7.4,47.4
7.9399999999999995,47.94
7.71,47.71
7.15,47.15
7.08,47.08
7.98,47.98
7.53,48.53
7.46,48.46
7.8,48.8
7.78,48.78
7.29,48.29
7.05,48.05
7.45,48.45
7.54,48.54
7.11,48.11
7.7,48.7
7.48,49.48
7.39,49.39
7.01,49.01
7.27,49.27
7.01,49.01
7.75,49.75
7.03,49.03
7.8100000000000005,49.81
7.9399999999999995,49.94
7.35,49.35
7.45,52.45
7.17,52.17
7.82,52.82
7.08,52.08
7.05,52.05
7.7,52.7
7.05,52.05
7.12,52.12
7.16,52.16
7.12,52.12
7.89,53.89
7.16,53.16
7.84,53.84
7.73,53.73
7.75,53.75
7.6899999999999995,53.69
7.36,53.36
7.77,53.77
7.39,53.39
7.57,53.57
7.76,54.76
7.45,54.45
7.21,54.21
7.9399999999999995,54.94
7.48,54.48
7.47,54.47
7.32,54.32
7.48,54.48
7.82,54.82
7.93,54.93
7.41,55.41
7.08,55.08
7.45,55.45
7.88,55.88
7.05,55.05
7.5,55.5
7.32,55.32
7.26,55.26
7.2,55.2
7.4,55.4
7.18,57.18
7.54,57.54
7.32,57.32
7.16,57.16
7.99,57.99
7.07,57.07
7.04,57.04
7.9399999999999995,57.94
7.45,57.45
7.72,57.72
7.88,58.88
7.01,58.01
7.06,58.06
7.65,58.65
7.17,58.17
7.64,58.64
7.26,58.26
7.65,58.65
7.02,58.02
7.45,58.45
7.92,59.92
7.82,59.82
7.78,59.78
7.24,59.24
7.09,59.09
7.72,59.72
7.6,59.6
7.9399999999999995,59.94
7.14,59.14
7.97,59.97
7.86,60.86
7.53,60.53
7.32,60.32
7.51,60.51
7.47,60.47
7.17,60.17
7.5,60.5
7.28,60.28
7.46,60.46
7.02,60.02
8.36,3.36
8.98,3.98
8.56,3.56
8.81,3.81
8.3,3.3
8.65,3.65
8.2,3.2
8.79,3.79
8.72,3.7199999999999998
8.13,3.13
8.61,4.61
8.67,4.67
8.09,4.09
8.2,4.2
8.08,4.08
8.14,4.14
8.8,4.8
8.77,4.77
8.38,4.38
8.32,4.32
8.66,20.66
8.08,20.08
8.98,20.98
8.59,20.59
8.11,20.11
8.84,20.84
8.99,20.99
8.44,20.44
8.39,20.39
8.92,20.92
8.24,47.24
8.89,47.89
8.65,47.65
8.19,47.19
8.2,47.2
8.55,47.55
8.29,47.29
8.72,47.72
8.01,47.01
8.98,47.98
8.4,49.4
8.38,49.38
8.03,49.03
8.55,49.55
8.96,49.96
8.03,49.03
8.8,49.8
8.24,49.24
8.59,49.59
8.85,49.85
8.09,50.09
8.04,50.04
8.78,50.78
8.61,50.61
8.21,50.21
8.33,50.33
8.57,50.57
8.81,50.81
8.3,50.3
8.76,50.76
8.51,51.51
8.1,51.1
8.33,51.33
8.09,51.09
8.57,51.57
8.06,51.06
8.17,51.17
8.72,51.72
8.02,51.02
8.4,51.4
8.18,52.18
8.0,52.0
8.45,52.45
8.73,52.73
8.38,52.38
8.39,52.39
8.15,52.15
8.32,52.32
8.68,52.68
8.83,52.83
8.98,54.98
8.23,54.23
8.53,54.53
8.88,54.88
8.62,54.62
8.8,54.8
8.05,54.05
8.75,54.75
8.4,54.4
8.38,54.38
8.05,55.05
8.37,55.37
8.0,55.0
8.32,55.32
8.32,55.32
8.04,55.04
8.39,55.39
8.97,55.97
8.42,55.42
8.58,55.58
8.85,56.85
8.39,56.39
8.61,56.61
8.25,56.25
8.54,56.54
8.88,56.88
8.23,56.23
8.28,56.28
8.18,56.18
8.86,56.86
8.72,57.72
8.6,57.6
8.01,57.01
8.87,57.87
8.26,57.26
8.13,57.13
8.6,57.6
8.17,57.17
8.32,57.32
8.69,57.69
9.58,3.58
9.32,3.32
9.35,3.35
9.66,3.66
9.39,3.39
9.44,3.44
9.2,3.2
9.98,3.98
9.56,3.56
9.66,3.66
9.7,20.7
9.53,20.53
9.05,20.05
9.81,20.81
9.06,20.06
9.0,20.0
9.34,20.34
9.73,20.73
9.97,20.97
9.9,20.9
9.54,47.54
9.82,47.82
9.09,47.09
9.75,47.75
9.21,47.21
9.85,47.85
9.52,47.52
9.54,47.54
9.3,47.3
9.08,47.08
10.9,3.9
10.68,3.68
10.82,3.82
10.41,3.41
10.4,3.4
10.22,3.22
10.75,3.75
10.76,3.76
10.64,3.64
10.63,3.63
10.9,20.9
10.87,20.87
10.51,20.51
10.78,20.78
10.46,20.46
10.14,20.14
10.7,20.7
10.52,20.52
10.31,20.31
10.06,20.06
10.76,44.76
10.5,44.5
10.15,44.15
10.0,44.0
10.19,44.19
10.89,44.89
10.94,44.94
10.34,44.34
10.74,44.74
10.65,44.65
10.52,45.52
10.77,45.77
10.16,45.16
10.43,45.43
10.08,45.08
10.44,45.44
10.49,45.49
10.16,45.16
10.95,45.95
10.36,45.36
10.55,46.55
10.42,46.42
10.28,46.28
10.47,46.47
10.73,46.73
10.86,46.86
10.33,46.33
10.84,46.84
10.14,46.14
10.83,46.83
10.27,47.27
10.17,47.17
10.78,47.78
10.38,47.38
10.41,47.41
10.79,47.79
10.3,47.3
10.41,47.41
10.1,47.1
10.8,47.8
11.64,3.64
11.05,3.05
11.21,3.21
11.54,3.54
11.85,3.85
11.6,3.6
11.78,3.7800000000000002
11.2,3.2
11.07,3.07
12.0,4.0
11.92,4.92
11.79,4.79
11.6,4.6
11.66,4.66
11.82,4.82
11.65,4.65
11.92,4.92
11.73,4.73
11.93,4.93
11.7,4.7
11.81,20.81
11.87,20.87
12.0,21.0
11.67,20.67
11.85,20.85
11.29,20.29
11.18,20.18
11.81,20.81
11.67,20.67
11.11,20.11
11.24,44.24
11.91,44.91
11.61,44.61
11.39,44.39
11.77,44.77
11.56,44.56
11.69,44.69
11.54,44.54
11.78,44.78
11.03,44.03
12.53,4.53
12.12,4.12
12.23,4.23
12.89,4.89
12.11,4.11
12.16,4.16
12.96,4.96
12.72,4.72
12.28,4.28
12.73,4.73
12.78,15.78
12.28,15.28
12.84,15.84
12.67,15.67
12.59,15.59
12.92,15.92
12.9,15.9
12.58,15.58
12.81,15.81
12.06,15.06
12.28,16.28
12.23,16.23
12.23,16.23
12.19,16.19
12.32,16.32
12.85,16.85
12.8,16.8
12.04,16.04
12.25,16.25
12.97,16.97
12.97,17.97
12.81,17.81
12.04,17.04
12.65,17.65
12.92,17.92
12.13,17.13
12.07,17.07
12.98,17.98
12.62,17.62
12.76,17.76
12.36,18.36
12.85,18.85
12.61,18.61
12.6,18.6
12.21,18.21
12.23,18.23
12.21,18.21
12.05,18.05
12.9,18.9
12.61,18.61
12.39,19.39
12.97,19.97
12.37,19.37
12.33,19.33
12.5,19.5
12.08,19.08
12.01,19.01
12.77,19.77
12.51,19.51
12.73,19.73
12.34,20.34
12.63,20.63
12.31,20.31
12.82,20.82
12.48,20.48
12.09,20.09
12.7,20.7
12.79,20.79
12.94,20.94
12.86,20.86
12.87,44.87
12.32,44.32
12.0,44.0
12.43,44.43
12.93,44.93
12.25,44.25
12.48,44.48
12.89,44.89
12.26,44.26
12.81,44.81
13.92,3.92
13.32,3.32
13.62,3.62
13.26,3.26
13.53,3.5300000000000002
13.08,3.08
13.04,3.04
13.9,3.9
13.24,3.24
13.5,3.5
13.82,4.82
13.06,4.06
13.71,4.71
13.9,4.9
13.24,4.24
13.01,4.01
13.67,4.67
13.34,4.34
13.91,4.91
13.13,4.13
13.2,15.2
13.09,15.09
13.85,15.85
13.69,15.69
13.45,15.45
13.91,15.91
13.95,15.95
13.0,15.0
13.43,15.43
13.13,15.13
13.56,44.56
13.03,44.03
13.02,44.02
13.37,44.37
13.07,44.07
13.19,44.19
13.31,44.31
13.13,44.13
13.36,44.36
13.23,44.23
14.42,3.42
14.26,3.26
14.08,3.08
14.08,3.08
14.49,3.49
14.64,3.64
14.76,3.76
14.26,3.26
14.42,3.42
14.92,3.92
14.91,15.91
14.52,15.52
14.81,15.81
14.91,15.91
14.74,15.74
14.8,15.8
14.31,15.31
14.31,15.31
14.9,15.9
14.52,15.52
14.59,44.59
14.46,44.46
14.99,44.99
14.39,44.39
14.97,44.97
14.33,44.33
14.64,44.64
14.12,44.12
14.79,44.79
14.49,44.49
15.91,3.91
15.4,3.4
15.7,3.7
15.25,3.25
15.76,3.76
15.23,3.23
15.25,3.25
15.12,3.12
15.78,3.7800000000000002
15.87,3.87
15.59,4.59
15.17,4.17
15.65,4.65
15.25,4.25
15.32,4.32
15.35,4.35
15.56,4.5600000000000005
15.66,4.66
15.33,4.33
15.11,4.11
15.88,5.88
15.02,5.02
15.71,5.71
15.27,5.27
15.15,5.15
15.92,5.92
15.33,5.33
15.25,5.25
15.66,5.66
15.21,5.21
15.17,15.17
15.47,15.47
15.71,15.71
15.24,15.24
15.41,15.41
15.85,15.85
15.4,15.4
15.6,15.6
15.74,15.74
15.41,15.41
15.16,44.16
15.8,44.8
15.21,44.21
15.71,44.71
15.91,44.91
15.58,44.58
15.8,44.8
15.59,44.59
15.36,44.36
15.24,44.24
15.76,45.76
15.18,45.18
15.58,45.58
15.25,45.25
15.79,45.79
15.12,45.12
15.49,45.49
15.25,45.25
15.79,45.79
15.24,45.24
15.34,46.34
15.76,46.76
15.45,46.45
15.0,46.0
15.2,46.2
15.88,46.88
15.17,46.17
15.66,46.66
15.71,46.71
15.47,46.47
15.54,47.54
15.56,47.56
15.76,47.76
15.51,47.51
15.0,47.0
15.17,47.17
15.93,47.93
15.14,47.14
15.61,47.61
15.64,47.64
15.19,48.19
15.1,48.1
15.81,48.81
15.78,48.78
15.78,48.78
15.69,48.69
15.68,48.68
15.06,48.06
15.39,48.39
15.04,48.04
15.97,49.97
15.68,49.68
15.17,49.17
15.27,49.27
15.09,49.09
15.99,49.99
15.22,49.22
15.96,49.96
15.11,49.11
15.31,49.31
15.41,50.41
15.84,50.84
15.86,50.86
15.23,50.23
15.71,50.71
15.54,50.54
15.26,50.26
15.18,50.18
15.76,50.76
15.57,50.57
15.55,51.55
15.07,51.07
15.53,51.53
15.13,51.13
15.69,51.69
15.27,51.27
15.07,51.07
15.92,51.92
15.61,51.61
15.94,51.94
16.79,5.79
16.93,5.93
16.24,5.24
16.22,5.22
16.17,5.17
16.05,5.05
16.43,5.43
16.54,5.54
16.57,5.57
16.13,5.13
16.91,6.91
16.19,6.19
16.85,6.85
16.03,6.03
16.51,6.51
16.13,6.13
16.09,6.09
16.23,6.23
16.81,6.8100000000000005
16.63,6.63
16.31,8.31
16.54,8.54
16.53,8.53
16.36,8.36
16.15,8.15
16.48,8.48
16.79,8.79
16.59,8.59
16.73,8.73
16.47,8.47
16.96,9.96
16.82,9.82
16.03,9.03
16.07,9.07
16.55,9.55
16.71,9.71
16.68,9.68
16.91,9.91
16.09,9.09
16.67,9.67
16.05,10.05
16.04,10.04
16.17,10.17
16.82,10.82
16.32,10.32
16.93,10.93
16.97,10.97
16.59,10.59
16.21,10.21
16.34,10.34
16.38,11.38
16.88,11.88
16.42,11.42
16.03,11.03
16.6,11.6
16.65,11.65
16.1,11.1
16.78,11.78
16.07,11.07
16.76,11.76
16.38,12.38
16.04,12.04
16.22,12.22
16.7,12.7
16.34,12.34
16.37,12.37
16.85,12.85
16.54,12.54
16.11,12.11
16.17,12.17
16.73,13.73
16.28,13.28
16.44,13.44
16.86,13.86
16.35,13.35
16.83,13.83
16.21,13.21
16.19,13.19
16.7,13.7
16.84,13.84
16.91,14.91
16.08,14.08
16.63,14.63
16.9,14.9
16.39,14.39
16.57,14.57
16.9,14.9
16.32,14.32
16.11,14.11
16.67,14.67
16.29,15.29
16.78,15.78
16.63,15.63
16.77,15.77
16.0,15.0
16.06,15.06
16.8,15.8
16.06,15.06
16.45,15.45
16.58,15.58
16.67,51.67
16.62,51.62
16.3,51.3
16.05,51.05
16.19,51.19
16.26,51.26
17.0,52.0
16.38,51.38
16.86,51.86
16.21,51.21
16.22,52.22
16.55,52.55
16.42,52.42
16.35,52.35
17.0,53.0
16.99,52.99
16.77,52.77
16.41,52.41
16.57,52.57
16.93,52.93
16.1,53.1
16.6,53.6
16.72,53.72
16.27,53.27
16.69,53.69
16.04,53.04
16.09,53.09
16.25,53.25
16.52,53.52
16.06,53.06
17.84,6.84
17.31,6.31
17.44,6.44
17.16,6.16
17.47,6.47
17.18,6.18
17.49,6.49
17.43,6.43
17.14,6.14
17.41,6.41
17.41,7.41
17.07,7.07
17.1,7.1
17.72,7.72
17.38,7.38
17.77,7.77
17.83,7.83
17.16,7.16
17.66,7.66
17.45,7.45
17.93,8.93
17.54,8.54
17.85,8.85
17.55,8.55
17.39,8.39
17.19,8.19
17.99,8.99
17.94,8.94
17.6,8.6
17.86,8.86
17.57,11.57
17.13,11.13
17.95,11.95
17.75,11.75
17.62,11.62
17.19,11.19
17.95,11.95
17.62,11.62
17.01,11.01
17.12,11.12
17.86,53.86
17.31,53.31
17.36,53.36
17.43,53.43
17.26,53.26
17.04,53.04
17.3,53.3
17.86,53.86
17.62,53.62
17.72,53.72
18.27,11.27
18.33,11.33
18.29,11.29
18.58,11.58
19.0,12.0
18.08,11.08
18.56,11.56
18.25,11.25
18.52,11.52
18.85,11.85
18.55,53.55
18.1,53.1
18.86,53.86
18.97,53.97
18.51,53.51
18.25,53.25
18.2,53.2
18.48,53.48
18.3,53.3
18.39,53.39
19.0,2.0
19.66,2.66
19.76,2.76
19.43,2.43
19.81,2.81
19.18,2.18
19.34,2.34
19.09,2.09
19.16,2.16
19.44,2.44
19.35,3.35
19.83,3.83
19.98,3.98
19.95,3.95
19.73,3.73
19.96,3.96
20.0,4.0
19.26,3.26
19.31,3.31
19.35,3.35
19.15,11.15
19.86,11.86
19.14,11.14
19.68,11.68
19.53,11.53
19.48,11.48
19.72,11.72
19.23,11.23
19.16,11.16
19.87,11.87
19.38,50.38
19.88,50.88
19.44,50.44
19.71,50.71
19.73,50.73
19.81,50.81
19.86,50.86
19.42,50.42
19.67,50.67
19.32,50.32
19.57,51.57
19.07,51.07
19.8,51.8
19.64,51.64
19.26,51.26
19.75,51.75
19.47,51.47
19.4,51.4
19.26,51.26
19.96,51.96
19.35,52.35
19.23,52.23
19.25,52.25
19.13,52.13
19.22,52.22
19.22,52.22
19.01,52.01
19.77,52.77
19.8,52.8
19.26,52.26
19.09,53.09
19.91,53.91
19.93,53.93
19.51,53.51
19.49,53.49
19.73,53.73
19.36,53.36
19.91,53.91
19.07,53.07
19.76,53.76
20.96,2.96
20.74,2.74
20.98,2.98
20.11,2.11
20.27,2.27
20.09,2.09
20.25,2.25
20.61,2.61
20.53,2.5300000000000002
20.76,2.76
20.04,3.04
20.63,3.63
20.96,3.96
20.98,3.98
20.32,3.32
20.19,3.19
20.63,3.63
20.53,3.5300000000000002
20.87,3.87
20.85,3.85
20.23,4.23
20.53,4.53
20.24,4.24
20.41,4.41
20.92,4.92
20.99,4.99
20.36,4.36
20.48,4.48
20.83,4.83
20.26,4.26
20.0,11.0
20.9,11.9
20.89,11.89
20.49,11.49
20.11,11.11
20.8,11.8
20.43,11.43
20.88,11.88
20.06,11.06
20.74,11.74
20.36,48.36
20.18,48.18
20.82,48.82
20.89,48.89
20.53,48.53
20.77,48.77
20.05,48.05
20.16,48.16
20.82,48.82
20.49,48.49
20.95,49.95
20.39,49.39
20.4,49.4
20.3,49.3
20.77,49.77
20.17,49.17
20.35,49.35
20.94,49.94
20.85,49.85
20.47,49.47
20.89,50.89
20.59,50.59
20.23,50.23
20.74,50.74
20.12,50.12
20.21,50.21
20.54,50.54
20.94,50.94
20.78,50.78
20.46,50.46
21.08,2.08
21.72,2.7199999999999998
21.72,2.7199999999999998
21.58,2.58
21.97,2.9699999999999998
21.86,2.86
21.18,2.18
21.55,2.55
21.25,2.25
21.51,2.51
21.46,3.46
21.01,3.01
21.73,3.73
21.0,3.0
22.0,4.0
21.1,3.1
21.73,3.73
21.22,3.22
21.35,3.35
21.22,3.22
21.23,5.23
21.57,5.57
21.93,5.93
21.69,5.6899999999999995
21.98,5.98
21.62,5.62
21.27,5.27
21.78,5.78
21.69,5.6899999999999995
21.33,5.33
21.25,6.25
21.59,6.59
21.43,6.43
21.43,6.43
21.91,6.91
21.94,6.9399999999999995
21.8,6.8
21.89,6.89
21.0,6.0
21.88,6.88
21.21,9.21
21.88,9.88
21.1,9.1
21.72,9.72
21.3,9.3
21.05,9.05
21.94,9.94
21.88,9.88
21.23,9.23
21.7,9.7
21.95,10.95
21.25,10.25
21.53,10.53
21.15,10.15
21.47,10.47
21.8,10.8
21.38,10.38
21.37,10.37
21.49,10.49
21.58,10.58
21.71,11.71
21.42,11.42
21.85,11.85
21.18,11.18
21.28,11.28
21.01,11.01
21.84,11.84
21.64,11.64
21.37,11.37
21.54,11.54
21.05,45.05
21.71,45.71
21.05,45.05
21.62,45.62
21.96,45.96
21.94,45.94
21.77,45.77
21.1,45.1
21.1,45.1
21.83,45.83
21.37,46.37
21.54,46.54
21.26,46.26
21.87,46.87
21.07,46.07
21.47,46.47
21.46,46.46
21.82,46.82
21.94,46.94
21.98,46.98
21.78,47.78
21.54,47.54
21.85,47.85
21.34,47.34
21.29,47.29
21.05,47.05
21.15,47.15
21.71,47.71
21.2,47.2
21.29,47.29
21.12,48.12
21.84,48.84
21.91,48.91
21.06,48.06
21.0,48.0
21.86,48.86
21.09,48.09
21.5,48.5
21.74,48.74
21.92,48.92
22.18,3.18
22.71,3.71
22.62,3.62
22.43,3.43
22.76,3.76
22.04,3.04
22.87,3.87
22.53,3.5300000000000002
22.97,3.9699999999999998
22.34,3.34
22.25,4.25
22.63,4.63
22.28,4.28
22.27,4.27
22.53,4.53
22.24,4.24
22.82,4.82
22.64,4.64
22.63,4.63
22.11,4.11
22.48,5.48
22.49,5.49
22.58,5.58
22.81,5.8100000000000005
22.04,5.04
22.25,5.25
22.83,5.83
22.53,5.53
22.32,5.32
22.83,5.83
22.56,7.5600000000000005
22.3,7.3
22.35,7.35
22.61,7.61
22.34,7.34
22.65,7.65
22.45,7.45
22.8,7.8
22.53,7.53
22.46,7.46
22.63,9.63
22.76,9.76
22.71,9.71
22.38,9.38
22.18,9.18
22.4,9.4
22.1,9.1
22.97,9.97
22.56,9.56
22.97,9.97
22.04,10.04
22.25,10.25
22.92,10.92
22.52,10.52
22.45,10.45
22.33,10.33
22.81,10.81
22.66,10.66
22.42,10.42
22.26,10.26
22.23,11.23
22.1,11.1
22.56,11.56
22.67,11.67
22.39,11.39
22.7,11.7
22.81,11.81
22.04,11.04
22.52,11.52
22.51,11.51
22.01,12.01
22.85,12.85
22.23,12.23
22.24,12.24
22.7,12.7
22.62,12.62
22.04,12.04
22.59,12.59
22.55,12.55
22.65,12.65
22.83,13.83
22.55,13.55
22.64,13.64
22.14,13.14
22.16,13.16
22.62,13.62
22.66,13.66
22.86,13.86
22.1,13.1
22.09,13.09
22.55,15.55
22.33,15.33
22.25,15.25
22.13,15.13
22.39,15.39
22.96,15.96
22.97,15.97
22.33,15.33
22.96,15.96
22.02,15.02
22.67,16.67
22.86,16.86
23.0,17.0
22.82,16.82
22.02,16.02
22.55,16.55
22.11,16.11
22.32,16.32
22.63,16.63
22.41,16.41
22.77,17.77
22.43,17.43
22.95,17.95
22.63,17.63
22.37,17.37
22.77,17.77
22.49,17.49
22.81,17.81
22.92,17.92
22.46,17.46
22.71,45.71
22.7,45.7
22.54,45.54
22.66,45.66
22.12,45.12
22.9,45.9
22.48,45.48
22.0,45.0
22.41,45.41
22.48,45.48
24.0,4.0
23.98,3.98
23.41,3.41
23.75,3.75
23.53,3.5300000000000002
23.07,3.07
23.17,3.17
23.54,3.54
23.13,3.13
23.24,3.24
23.59,11.59
23.72,11.72
23.36,11.36
23.35,11.35
23.24,11.24
23.88,11.88
23.79,11.79
23.25,11.25
23.65,11.65
23.69,11.69
23.33,13.33
23.89,13.89
23.35,13.35
23.07,13.07
23.92,13.92
23.31,13.31
23.8,13.8
23.87,13.87
23.8,13.8
23.03,13.03
23.89,14.89
23.99,14.99
23.39,14.39
23.31,14.31
23.89,14.89
24.0,15.0
23.93,14.93
23.04,14.04
23.89,14.89
23.99,14.99
23.52,15.52
23.92,15.92
23.31,15.31
23.36,15.36
23.55,15.55
23.03,15.03
23.09,15.09
23.15,15.15
23.96,15.96
23.48,15.48
23.37,17.37
23.75,17.75
23.54,17.54
23.1,17.1
23.75,17.75
23.67,17.67
23.5,17.5
23.07,17.07
23.47,17.47
23.64,17.64
23.75,18.75
23.73,18.73
23.46,18.46
23.22,18.22
23.79,18.79
23.06,18.06
23.53,18.53
23.88,18.88
23.09,18.09
23.67,18.67
23.79,19.79
23.73,19.73
23.56,19.56
23.41,19.41
23.53,19.53
23.45,19.45
23.48,19.48
23.87,19.87
23.28,19.28
23.21,19.21
23.07,20.07
23.13,20.13
23.37,20.37
23.34,20.34
23.84,20.84
23.52,20.52
23.31,20.31
23.72,20.72
23.05,20.05
23.01,20.01
23.17,21.17
23.61,21.61
23.81,21.81
23.22,21.22
23.26,21.26
23.13,21.13
23.23,21.23
23.3,21.3
23.59,21.59
23.77,21.77
23.07,22.07
23.93,22.93
23.55,22.55
23.37,22.37
23.93,22.93
23.11,22.11
23.2,22.2
23.73,22.73
23.55,22.55
24.0,23.0
23.51,23.51
23.51,23.51
23.5,23.5
23.61,23.61
23.15,23.15
23.46,23.46
23.21,23.21
23.86,23.86
23.28,23.28
23.32,23.32
23.0,24.0
23.0,24.0
23.36,24.36
23.43,24.43
23.15,24.15
23.36,24.36
23.1,24.1
23.94,24.94
23.33,24.33
23.17,24.17
23.23,25.23
23.44,25.44
23.88,25.88
23.69,25.69
23.46,25.46
23.13,25.13
23.43,25.43
23.15,25.15
23.43,25.43
23.02,25.02
23.65,26.65
23.53,26.53
23.22,26.22
23.52,26.52
23.8,26.8
23.34,26.34
23.59,26.59
23.92,26.92
23.67,26.67
23.9,26.9
23.11,27.11
23.6,27.6
23.15,27.15
23.13,27.13
23.37,27.37
23.36,27.36
23.09,27.09
23.46,27.46
23.62,27.62
23.18,27.18
23.06,28.06
23.44,28.44
23.15,28.15
24.0,29.0
23.3,28.3
23.63,28.63
23.24,28.24
23.47,28.47
23.72,28.72
23.15,28.15
23.3,29.3
23.55,29.55
23.43,29.43
23.15,29.15
23.56,29.56
23.1,29.1
23.5,29.5
23.31,29.31
23.92,29.92
23.25,29.25
23.2,30.2
23.89,30.89
23.89,30.89
23.87,30.87
23.41,30.41
23.68,30.68
23.74,30.74
23.53,30.53
23.24,30.24
23.07,30.07
23.5,31.5
23.17,31.17
23.21,31.21
23.61,31.61
23.39,31.39
23.45,31.45
23.53,31.53
23.78,31.78
23.14,31.14
23.88,31.88
23.88,32.88
23.72,32.72
23.83,32.83
23.29,32.29
23.2,32.2
23.96,32.96
23.59,32.59
23.0,32.0
23.6,32.6
23.63,32.63
23.92,33.92
23.42,33.42
23.27,33.27
23.54,33.54
23.19,33.19
23.57,33.57
23.76,33.76
23.09,33.09
23.5,33.5
23.34,33.34
23.98,35.98
23.53,35.53
23.56,35.56
23.69,35.69
23.81,35.81
23.26,35.26
23.32,35.32
23.73,35.73
23.34,35.34
23.88,35.88
23.67,36.67
23.46,36.46
23.95,36.95
23.86,36.86
23.42,36.42
23.53,36.53
23.51,36.51
23.7,36.7
23.07,36.07
23.09,36.09
23.06,37.06
23.3,37.3
23.49,37.49
23.56,37.56
23.67,37.67
23.65,37.65
23.17,37.17
23.26,37.26
23.76,37.76
23.51,37.51
23.07,45.07
23.8,45.8
23.48,45.48
23.86,45.86
23.25,45.25
23.17,45.17
23.41,45.41
23.24,45.24
23.92,45.92
23.57,45.57
24.03,2.03
24.32,2.32
24.81,2.81
24.7,2.7
24.4,2.4
24.51,2.51
24.17,2.17
24.46,2.46
24.3,2.3
24.98,2.98
24.49,3.49
24.36,3.36
24.07,3.07
24.8,3.8
24.73,3.73
24.09,3.09
24.6,3.6
24.01,3.01
24.04,3.04
24.63,3.63
24.85,11.85
24.86,11.86
24.28,11.28
24.36,11.36
24.01,11.01
24.13,11.13
24.35,11.35
24.81,11.81
24.16,11.16
24.45,11.45
24.77,17.77
24.13,17.13
24.41,17.41
24.54,17.54
24.97,17.97
24.35,17.35
24.85,17.85
24.28,17.28
24.65,17.65
24.02,17.02
24.8,23.8
24.76,23.76
24.88,23.88
24.46,23.46
24.99,23.99
24.36,23.36
24.04,23.04
24.77,23.77
24.7,23.7
24.93,23.93
24.61,24.61
24.64,24.64
24.77,24.77
24.22,24.22
24.75,24.75
24.67,24.67
24.37,24.37
24.9,24.9
24.1,24.1
24.03,24.03
24.04,26.04
24.46,26.46
24.81,26.81
24.97,26.97
24.76,26.76
24.34,26.34
24.43,26.43
24.44,26.44
24.62,26.62
24.69,26.69
24.78,27.78
24.05,27.05
24.02,27.02
24.21,27.21
24.31,27.31
24.83,27.83
24.99,27.99
24.19,27.19
24.82,27.82
24.18,27.18
24.0,28.0
24.94,28.94
24.41,28.41
24.66,28.66
24.62,28.62
24.21,28.21
24.12,28.12
24.47,28.47
24.97,28.97
24.95,28.95
24.17,29.17
24.39,29.39
24.8,29.8
24.75,29.75
24.02,29.02
24.57,29.57
24.17,29.17
24.04,29.04
24.82,29.82
24.81,29.81
24.02,30.02
24.21,30.21
24.33,30.33
24.71,30.71
24.25,30.25
24.89,30.89
24.21,30.21
24.46,30.46
24.43,30.43
24.07,30.07
24.81,31.81
24.68,31.68
24.24,31.24
24.34,31.34
24.93,31.93
24.38,31.38
24.95,31.95
24.81,31.81
24.25,31.25
24.44,31.44
24.78,32.78
24.91,32.91
24.34,32.34
24.37,32.37
24.46,32.46
24.73,32.73
24.24,32.24
24.05,32.05
24.58,32.58
24.52,32.52
24.69,33.69
24.04,33.04
24.47,33.47
24.59,33.59
24.18,33.18
24.84,33.84
24.84,33.84
24.52,33.52
24.57,33.57
24.57,33.57
24.67,34.67
24.41,34.41
24.64,34.64
24.37,34.37
24.29,34.29
24.12,34.12
24.48,34.48
24.77,34.77
24.11,34.11
24.17,34.17
24.55,35.55
24.83,35.83
24.19,35.19
24.54,35.54
24.18,35.18
25.0,36.0
24.56,35.56
24.47,35.47
24.94,35.94
24.33,35.33
24.5,37.5
24.74,37.74
24.22,37.22
24.03,37.03
24.47,37.47
24.91,37.91
24.68,37.68
24.37,37.37
24.29,37.29
24.84,37.84
24.4,38.4
24.21,38.21
24.8,38.8
24.85,38.85
24.81,38.81
24.84,38.84
24.71,38.71
24.97,38.97
24.4,38.4
24.07,38.07
24.41,39.41
24.78,39.78
24.67,39.67
24.06,39.06
24.12,39.12
24.05,39.05
24.3,39.3
25.0,40.0
24.88,39.88
24.44,39.44
24.43,41.43
24.48,41.48
24.75,41.75
24.52,41.52
24.06,41.06
24.17,41.17
24.71,41.71
24.85,41.85
24.6,41.6
24.6,41.6
24.82,42.82
24.72,42.72
24.41,42.41
24.22,42.22
24.15,42.15
24.57,42.57
24.43,42.43
24.72,42.72
24.74,42.74
24.77,42.77
24.65,43.65
24.9,43.9
24.45,43.45
24.06,43.06
24.05,43.05
24.48,43.48
24.01,43.01
24.94,43.94
24.95,43.95
24.44,43.44
24.25,44.25
24.67,44.67
24.4,44.4
24.24,44.24
24.92,44.92
24.14,44.14
24.45,44.45
24.8,44.8
24.16,44.16
24.82,44.82
24.54,45.54
24.75,45.75
24.26,45.26
24.58,45.58
24.16,45.16
24.98,45.98
24.92,45.92
24.16,45.16
24.8,45.8
24.13,45.13
25.73,17.73
25.96,17.96
25.03,17.03
25.03,17.03
25.93,17.93
25.01,17.01
25.07,17.07
25.96,17.96
25.31,17.31
25.08,17.08
25.58,37.58
25.7,37.7
25.93,37.93
25.97,37.97
25.16,37.16
25.71,37.71
25.8,37.8
25.53,37.53
25.67,37.67
25.42,37.42
25.68,39.68
25.95,39.95
25.84,39.84
25.92,39.92
25.64,39.64
25.9,39.9
25.63,39.63
25.86,39.86
25.02,39.02
25.21,39.21
25.35,40.35
25.21,40.21
25.69,40.69
25.12,40.12
25.52,40.52
25.97,40.97
25.33,40.33
25.73,40.73
25.37,40.37
25.42,40.42
25.7,41.7
25.06,41.06
25.03,41.03
25.67,41.67
25.95,41.95
25.12,41.12
25.62,41.62
25.51,41.51
25.24,41.24
25.18,41.18
26.98,17.98
26.46,17.46
26.99,17.99
26.5,17.5
26.24,17.24
26.5,17.5
26.08,17.08
26.21,17.21
26.41,17.41
26.59,17.59
26.8,18.8
26.4,18.4
26.14,18.14
26.3,18.3
26.57,18.57
26.62,18.62
26.43,18.43
26.16,18.16
26.11,18.11
26.14,18.14
26.51,19.51
26.58,19.58
26.38,19.38
26.09,19.09
26.75,19.75
26.49,19.49
26.78,19.78
26.62,19.62
26.57,19.57
26.83,19.83
26.98,20.98
26.1,20.1
26.94,20.94
26.73,20.73
26.34,20.34
26.21,20.21
26.53,20.53
26.09,20.09
26.98,20.98
26.96,20.96
27.37,16.37
27.61,16.61
27.01,16.01
27.42,16.42
27.08,16.08
27.28,16.28
27.06,16.06
27.12,16.12
27.83,16.83
27.68,16.68
27.05,17.05
27.51,17.51
27.17,17.17
27.19,17.19
27.01,17.01
27.09,17.09
27.2,17.2
27.13,17.13
27.62,17.62
27.59,17.59
27.39,20.39
27.21,20.21
27.16,20.16
27.87,20.87
27.92,20.92
27.47,20.47
27.17,20.17
27.79,20.79
27.17,20.17
27.82,20.82
28.88,14.88
28.81,14.81
28.72,14.72
28.21,14.21
28.93,14.93
28.96,14.96
28.58,14.58
28.35,14.35
28.42,14.42
28.67,14.67
28.76,15.76
28.6,15.6
28.4,15.4
28.91,15.91
28.57,15.57
28.81,15.81
28.9,15.9
28.15,15.15
28.04,15.04
28.52,15.52
28.58,20.58
28.26,20.26
28.79,20.79
28.64,20.64
28.61,20.61
28.54,20.54
28.21,20.21
28.11,20.11
28.48,20.48
28.54,20.54
28.25,21.25
28.44,21.44
28.94,21.94
28.09,21.09
28.33,21.33
28.13,21.13
28.77,21.77
28.89,21.89
28.09,21.09
28.46,21.46
28.12,22.12
28.93,22.93
28.95,22.95
28.79,22.79
28.24,22.24
28.59,22.59
28.81,22.81
28.82,22.82
28.98,22.98
28.73,22.73
28.54,23.54
28.12,23.12
28.96,23.96
28.72,23.72
28.18,23.18
28.64,23.64
28.38,23.38
28.1,23.1
28.13,23.13
28.65,23.65
28.02,24.02
28.58,24.58
28.44,24.44
28.99,24.99
28.14,24.14
28.52,24.52
28.32,24.32
28.62,24.62
28.86,24.86
28.21,24.21
28.95,25.95
28.27,25.27
28.27,25.27
28.01,25.01
28.43,25.43
28.74,25.74
28.03,25.03
28.03,25.03
28.15,25.15
28.65,25.65
28.18,26.18
28.56,26.56
28.95,26.95
28.46,26.46
28.69,26.69
28.42,26.42
28.56,26.56
28.99,26.99
28.73,26.73
28.18,26.18
28.64,27.64
28.93,27.93
28.91,27.91
28.82,27.82
28.57,27.57
28.4,27.4
28.02,27.02
28.51,27.51
28.85,27.85
28.15,27.15
28.54,28.54
28.51,28.51
28.8,28.8
28.74,28.74
28.13,28.13
28.38,28.38
28.96,28.96
28.45,28.45
28.65,28.65
28.46,28.46
28.21,29.21
28.19,29.19
28.58,29.58
28.06,29.06
28.52,29.52
28.38,29.38
28.51,29.51
28.44,29.44
28.57,29.57
28.56,29.56
28.71,30.71
28.18,30.18
28.92,30.92
28.4,30.4
28.2,30.2
28.18,30.18
28.98,30.98
28.12,30.12
28.2,30.2
28.25,30.25
28.06,31.06
28.11,31.11
28.38,31.38
28.15,31.15
28.41,31.41
28.93,31.93
28.07,31.07
28.54,31.54
28.98,31.98
28.75,31.75
28.19,32.19
28.09,32.09
28.63,32.63
28.08,32.08
28.82,32.82
28.0,32.0
28.28,32.28
28.65,32.65
28.99,32.99
28.04,32.04
29.09,13.09
29.98,13.98
29.89,13.89
29.02,13.02
29.58,13.58
29.03,13.03
29.5,13.5
29.25,13.25
29.66,13.66
29.95,13.95
29.04,14.04
29.69,14.69
29.05,14.05
29.01,14.01
29.84,14.84
29.99,14.99
29.96,14.96
29.08,14.08
29.97,14.97
29.76,14.76
29.37,32.37
29.3,32.3
29.07,32.07
29.45,32.45
29.8,32.8
29.86,32.86
29.77,32.77
29.06,32.06
29.24,32.24
29.23,32.23
30.31,12.31
30.38,12.38
30.49,12.49
30.81,12.81
30.67,12.67
30.72,12.72
30.81,12.81
30.26,12.26
30.27,12.27
30.89,12.89
30.99,13.99
30.54,13.54
30.54,13.54
30.23,13.23
30.58,13.58
30.34,13.34
30.91,13.91
30.86,13.86
30.05,13.05
30.94,13.94
30.39,32.39
30.76,32.76
30.84,32.84
30.37,32.37
30.53,32.53
30.21,32.21
30.04,32.04
30.01,32.01
30.72,32.72
30.64,32.64
31.41,12.41
31.92,12.92
31.92,12.92
31.82,12.82
31.14,12.14
31.85,12.85
31.68,12.68
31.81,12.81
31.33,12.33
31.29,12.29
31.96,32.96
31.87,32.87
31.51,32.51
31.89,32.89
31.58,32.58
31.67,32.67
31.77,32.77
31.75,32.75
31.57,32.57
31.89,32.89
33.0,13.0
32.94,12.94
32.93,12.93
32.29,12.29
32.33,12.33
32.63,12.63
32.34,12.34
32.67,12.67
32.16,12.16
32.92,12.92
32.25,32.25
32.89,32.89
32.01,32.01
32.0,32.0
32.85,32.85
32.41,32.41
32.49,32.49
32.0,32.0
32.14,32.14
32.68,32.68
33.14,12.14
33.94,12.94
33.51,12.51
33.84,12.84
33.96,12.96
33.02,12.02
33.43,12.43
33.23,12.23
33.35,12.35
34.0,13.0
33.16,13.16
33.92,13.92
33.99,13.99
33.74,13.74
33.47,13.47
33.07,13.07
33.09,13.09
34.0,14.0
33.72,13.72
33.77,13.77
33.08,14.08
33.22,14.22
33.48,14.48
33.71,14.71
33.45,14.45
33.26,14.26
33.96,14.96
33.03,14.03
34.0,15.0
33.63,14.63
33.03,31.03
33.09,31.09
33.37,31.37
33.22,31.22
33.31,31.31
33.36,31.36
33.72,31.72
33.44,31.44
33.69,31.69
33.47,31.47
33.09,32.09
33.1,32.1
33.57,32.57
33.74,32.74
33.95,32.95
33.58,32.58
33.18,32.18
33.51,32.51
33.82,32.82
33.65,32.65
34.67,13.67
34.74,13.74
34.53,13.53
34.93,13.93
34.39,13.39
34.53,13.53
34.77,13.77
34.37,13.37
34.22,13.22
34.56,13.56
34.87,14.87
34.99,14.99
34.8,14.8
34.15,14.15
34.11,14.11
34.92,14.92
34.25,14.25
34.49,14.49
34.2,14.2
34.02,14.02
34.4,15.4
34.95,15.95
34.81,15.81
34.13,15.13
34.73,15.73
34.79,15.79
34.67,15.67
34.28,15.28
34.69,15.69
34.94,15.94
34.05,31.05
34.94,31.94
34.57,31.57
34.63,31.63
34.87,31.87
34.5,31.5
34.94,31.94
34.49,31.49
34.58,31.58
34.52,31.52
35.54,13.54
35.8,13.8
35.12,13.12
35.59,13.59
35.87,13.87
35.94,13.94
35.57,13.57
35.98,13.98
35.12,13.12
35.5,13.5
35.23,31.23
35.4,31.4
35.27,31.27
35.81,31.81
35.56,31.56
35.51,31.51
35.9,31.9
35.66,31.66
35.87,31.87
35.46,31.46
36.14,13.14
36.91,13.91
36.39,13.39
36.82,13.82
36.22,13.22
36.89,13.89
36.94,13.94
36.37,13.37
36.46,13.46
36.68,13.68
36.46,27.46
36.93,27.93
36.94,27.94
36.76,27.76
36.38,27.38
36.03,27.03
36.17,27.17
36.55,27.55
36.07,27.07
36.78,27.78
36.21,28.21
36.56,28.56
36.09,28.09
36.09,28.09
36.75,28.75
36.38,28.38
36.5,28.5
36.06,28.06
36.91,28.91
36.71,28.71
36.9,29.9
36.31,29.31
36.08,29.08
36.94,29.94
36.87,29.87
36.97,29.97
36.04,29.04
36.63,29.63
36.01,29.01
36.45,29.45
36.32,30.32
36.77,30.77
36.86,30.86
36.82,30.82
36.3,30.3
36.04,30.04
36.31,30.31
36.68,30.68
36.95,30.95
36.44,30.44
37.0,32.0
36.17,31.17
36.24,31.24
36.05,31.05
36.26,31.26
36.16,31.16
36.92,31.92
36.77,31.77
36.84,31.84
36.54,31.54
37.85,13.85
37.53,13.53
37.0,13.0
37.38,13.38
38.0,14.0
37.73,13.73
37.2,13.2
37.96,13.96
37.57,13.57
37.14,13.14
37.15,14.15
37.02,14.02
37.38,14.38
37.47,14.47
37.36,14.36
37.33,14.33
37.88,14.88
37.87,14.87
37.87,14.87
37.78,14.78
37.35,15.35
37.17,15.17
37.76,15.76
37.98,15.98
37.72,15.72
37.33,15.33
37.76,15.76
37.24,15.24
37.49,15.49
37.75,15.75
37.37,16.37
37.85,16.85
37.43,16.43
37.51,16.51
37.32,16.32
37.16,16.16
37.05,16.05
37.79,16.79
37.59,16.59
37.84,16.84
37.21,17.21
37.32,17.32
37.97,17.97
37.75,17.75
37.42,17.42
37.91,17.91
37.96,17.96
37.47,17.47
37.56,17.56
37.2,17.2
37.44,18.44
37.45,18.45
37.98,18.98
37.18,18.18
37.21,18.21
37.7,18.7
37.12,18.12
37.72,18.72
37.85,18.85
37.75,18.75
37.38,19.38
37.99,19.99
37.03,19.03
37.74,19.74
37.43,19.43
37.18,19.18
37.04,19.04
37.35,19.35
37.24,19.24
37.23,19.23
37.59,20.59
37.73,20.73
37.8,20.8
37.67,20.67
37.42,20.42
37.23,20.23
37.5,20.5
37.57,20.57
37.9,20.9
37.42,20.42
37.28,23.28
37.62,23.62
37.84,23.84
37.61,23.61
37.18,23.18
37.26,23.26
37.16,23.16
37.24,23.24
37.11,23.11
37.87,23.87
37.76,24.76
37.2,24.2
37.67,24.67
37.3,24.3
37.12,24.12
37.32,24.32
37.13,24.13
37.76,24.76
37.59,24.59
37.25,24.25
37.99,25.99
37.61,25.61
37.96,25.96
37.26,25.26
37.4,25.4
37.3,25.3
37.84,25.84
37.8,25.8
37.13,25.13
37.51,25.51
37.51,26.51
37.93,26.93
37.31,26.31
37.46,26.46
37.16,26.16
37.11,26.11
37.66,26.66
37.69,26.69
37.28,26.28
37.36,26.36
37.47,27.47
37.56,27.56
37.99,27.99
37.67,27.67
37.37,27.37
37.47,27.47
37.97,27.97
37.59,27.59
37.19,27.19
37.74,27.74
38.39,20.39
38.93,20.93
38.14,20.14
38.58,20.58
38.58,20.58
38.6,20.6
38.47,20.47
38.74,20.74
38.81,20.81
38.15,20.15
38.1,23.1
38.41,23.41
38.78,23.78
38.54,23.54
38.55,23.55
38.49,23.49
38.23,23.23
38.42,23.42
38.44,23.44
38.1,23.1
39.53,20.53
39.58,20.58
39.85,20.85
39.35,20.35
39.0,20.0
39.64,20.64
39.18,20.18
39.48,20.48
39.26,20.26
39.78,20.78
39.53,21.53
39.04,21.04
39.98,21.98
39.38,21.38
39.82,21.82
39.03,21.03
39.64,21.64
39.96,21.96
39.7,21.7
39.47,21.47
39.31,22.31
39.89,22.89
39.12,22.12
39.98,22.98
39.01,22.01
39.77,22.77
39.31,22.31
39.87,22.87
39.84,22.84
39.81,22.81
39.6,23.6
39.03,23.03
39.93,23.93
39.24,23.24
39.97,23.97
39.09,23.09
39.98,23.98
39.75,23.75
39.46,23.46
39.99,23.99
