1.52,12.52
1.73,12.73
1.7,12.7
1.6099999999999999,12.61
1.8399999999999999,12.84
1.22,12.22
1.15,12.15
1.43,12.43
1.87,12.87
1.12,12.12
1.43,13.43
1.1,13.1
1.6800000000000002,13.68
1.6600000000000001,13.66
1.13,13.13
1.98,13.98
1.46,13.46
1.25,13.25
1.01,13.01
1.76,13.76
1.72,14.72
1.6800000000000002,14.68
1.28,14.28
1.73,14.73
1.6099999999999999,14.61
1.18,14.18
1.49,14.49
1.09,14.09
1.78,14.78
1.94,14.94
2.2,4.2
2.88,4.88
2.29,4.29
2.01,4.01
2.83,4.83
2.02,4.02
2.52,4.52
2.92,4.92
2.8,4.8
2.06,4.06
2.5300000000000002,5.53
2.63,5.63
2.7,5.7
2.23,5.23
2.9,5.9
2.7800000000000002,5.78
2.08,5.08
2.85,5.85
2.9,5.9
2.17,5.17
2.12,6.12
2.2,6.2
2.15,6.15
2.0,6.0
2.18,6.18
2.46,6.46
2.54,6.54
2.34,6.34
2.51,6.51
2.7800000000000002,6.78
2.93,9.93
2.11,9.11
2.68,9.68
2.63,9.63
2.04,9.04
2.91,9.91
2.74,9.74
2.71,9.71
2.63,9.63
2.33,9.33
2.76,10.76
2.99,10.99
2.36,10.36
2.88,10.88
2.93,10.93
2.42,10.42
2.55,10.55
2.34,10.34
2.15,10.15
2.75,10.75
2.77,11.77
2.02,11.02
2.03,11.03
2.08,11.08
2.79,11.79
2.06,11.06
2.96,11.96
2.91,11.91
2.13,11.13
2.98,11.98
2.81,12.81
2.67,12.67
2.37,12.37
2.83,12.83
2.31,12.31
2.8,12.8
2.37,12.37
2.3,12.3
2.63,12.63
2.62,12.62
2.16,14.16
2.8,14.8
2.66,14.66
2.22,14.22
2.96,14.96
2.31,14.31
2.21,14.21
2.83,14.83
2.54,14.54
2.17,14.17
4.0,1.0
3.27,0.27
3.24,0.24
3.41,0.41
3.3,0.3
3.57,0.57
3.58,0.58
3.06,0.06
3.3,0.3
3.86,0.86
3.46,1.46
3.95,1.95
3.55,1.55
3.16,1.16
3.95,1.95
3.26,1.26
3.89,1.8900000000000001
3.85,1.85
3.52,1.52
3.05,1.05
3.51,2.51
3.58,2.58
3.71,2.71
3.2800000000000002,2.2800000000000002
3.06,2.06
3.93,2.93
3.2,2.2
3.55,2.55
3.22,2.22
3.02,2.02
3.57,3.57
3.64,3.64
3.58,3.58
3.31,3.31
3.71,3.71
3.4699999999999998,3.4699999999999998
3.26,3.26
3.66,3.66
3.21,3.21
3.4699999999999998,3.4699999999999998
3.32,4.32
3.89,4.89
3.09,4.09
3.54,4.54
3.36,4.36
3.0,4.0
3.87,4.87
3.7800000000000002,4.78
3.27,4.27
3.87,4.87
3.07,6.07
3.25,6.25
3.76,6.76
3.43,6.43
3.64,6.64
3.01,6.01
3.93,6.93
3.48,6.48
3.52,6.52
3.94,6.9399999999999995
3.7199999999999998,7.72
3.76,7.76
3.9699999999999998,7.97
3.21,7.21
3.33,7.33
3.81,7.8100000000000005
3.76,7.76
3.32,7.32
3.22,7.22
3.63,7.63
3.37,8.37
3.41,8.41
3.38,8.38
3.81,8.81
3.5300000000000002,8.53
3.51,8.51
3.48,8.48
3.62,8.62
3.41,8.41
4.0,9.0
3.2,9.2
3.17,9.17
3.3,9.3
3.37,9.37
3.04,9.04
3.82,9.82
3.85,9.85
3.74,9.74
3.1,9.1
3.89,9.89
3.93,14.93
3.01,14.01
3.5300000000000002,14.53
3.7,14.7
3.67,14.67
3.31,14.31
3.32,14.32
3.24,14.24
3.71,14.71
3.58,14.58
3.2,46.2
3.12,46.12
3.32,46.32
3.82,46.82
3.85,46.85
3.63,46.63
3.07,46.07
3.86,46.86
3.62,46.62
3.21,46.21
3.38,47.38
3.08,47.08
3.68,47.68
3.79,47.79
3.44,47.44
3.86,47.86
3.98,47.98
3.51,47.51
3.35,47.35
3.94,47.94
3.64,48.64
4.0,49.0
3.51,48.51
3.35,48.35
3.77,48.77
3.99,48.99
3.33,48.33
3.03,48.03
3.03,48.03
3.8,48.8
3.09,49.09
3.6,49.6
3.0,49.0
3.69,49.69
3.4,49.4
3.64,49.64
3.02,49.02
3.73,49.73
3.64,49.64
3.3,49.3
3.36,50.36
3.71,50.71
3.63,50.63
3.17,50.17
3.74,50.74
3.71,50.71
3.34,50.34
3.94,50.94
3.17,50.17
3.06,50.06
4.47,0.47
4.08,0.08
4.92,0.92
4.78,0.78
4.73,0.73
4.83,0.83
4.84,0.84
4.4,0.4
4.33,0.33
4.25,0.25
4.96,14.96
4.2,14.2
4.63,14.63
4.8100000000000005,14.81
4.3,14.3
4.86,14.86
4.24,14.24
4.06,14.06
4.6,14.6
4.11,14.11
4.0,46.0
4.82,46.82
4.2,46.2
4.5,46.5
4.36,46.36
4.75,46.75
4.49,46.49
4.61,46.61
4.73,46.73
4.47,46.47
4.33,50.33
4.39,50.39
4.18,50.18
4.1,50.1
4.45,50.45
4.34,50.34
4.03,50.03
4.4,50.4
4.64,50.64
4.08,50.08
5.22,0.22
5.12,0.12
5.15,0.15
5.08,0.08
5.5,0.5
5.08,0.08
5.97,0.97
5.43,0.43
5.5,0.5
5.51,0.51
5.32,1.32
5.9,1.9
5.03,1.03
5.43,1.43
5.15,1.15
5.0,1.0
5.5,1.5
5.32,1.32
5.59,1.5899999999999999
5.34,1.34
5.82,14.82
5.77,14.77
5.4,14.4
5.25,14.25
5.71,14.71
5.84,14.84
5.67,14.67
5.07,14.07
5.79,14.79
5.64,14.64
5.31,15.31
5.48,15.48
5.11,15.11
5.73,15.73
5.72,15.72
5.77,15.77
5.47,15.47
5.9399999999999995,15.94
5.36,15.36
5.58,15.58
5.67,16.67
5.98,16.98
5.23,16.23
5.28,16.28
5.92,16.92
5.53,16.53
5.28,16.28
5.74,16.74
5.86,16.86
5.88,16.88
5.22,42.22
5.88,42.88
5.85,42.85
5.44,42.44
5.78,42.78
5.37,42.37
5.33,42.33
5.5,42.5
5.58,42.58
5.8,42.8
5.43,43.43
5.32,43.32
5.48,43.48
5.16,43.16
5.38,43.38
5.13,43.13
5.13,43.13
5.09,43.09
5.64,43.64
5.63,43.63
5.07,44.07
5.48,44.48
5.74,44.74
5.07,44.07
5.6899999999999995,44.69
5.99,44.99
5.83,44.83
5.38,44.38
5.17,44.17
5.06,44.06
5.95,45.95
5.26,45.26
5.55,45.55
5.42,45.42
5.02,45.02
5.48,45.48
5.91,45.91
5.49,45.49
5.33,45.33
5.76,45.76
5.76,46.76
5.4,46.4
5.91,46.91
5.26,46.26
5.97,46.97
5.22,46.22
5.13,46.13
5.16,46.16
5.29,46.29
5.38,46.38
5.34,50.34
5.21,50.21
5.42,50.42
5.82,50.82
5.25,50.25
5.86,50.86
5.0,50.0
5.26,50.26
5.55,50.55
5.15,50.15
5.74,51.74
5.96,51.96
5.04,51.04
5.26,51.26
5.03,51.03
5.96,51.96
5.7,51.7
5.41,51.41
5.97,51.97
5.65,51.65
5.01,52.01
5.06,52.06
5.66,52.66
5.19,52.19
5.07,52.07
5.1,52.1
5.46,52.46
5.61,52.61
5.27,52.27
5.67,52.67
6.5600000000000005,1.56
6.52,1.52
6.67,1.67
6.46,1.46
6.43,1.43
6.79,1.79
6.22,1.22
6.28,1.28
6.93,1.9300000000000002
6.61,1.6099999999999999
6.15,4.15
6.84,4.84
6.45,4.45
6.42,4.42
6.2,4.2
6.71,4.71
6.5600000000000005,4.5600000000000005
6.51,4.51
6.21,4.21
6.1,4.1
6.87,5.87
6.8100000000000005,5.8100000000000005
6.64,5.64
6.03,5.03
6.45,5.45
7.0,6.0
6.32,5.32
6.32,5.32
6.91,5.91
6.92,5.92
6.19,6.19
6.15,6.15
6.33,6.33
6.08,6.08
6.61,6.61
6.68,6.68
6.68,6.68
6.31,6.31
6.47,6.47
6.45,6.45
6.98,7.98
6.8,7.8
6.33,7.33
6.32,7.32
6.71,7.71
6.43,7.43
6.42,7.42
6.5600000000000005,7.5600000000000005
6.39,7.39
6.01,7.01
6.1,12.1
6.13,12.13
6.08,12.08
6.34,12.34
6.86,12.86
6.08,12.08
6.91,12.91
7.0,13.0
6.24,12.24
6.68,12.68
6.86,13.86
6.85,13.85
6.3,13.3
6.23,13.23
6.3,13.3
6.86,13.86
6.26,13.26
6.84,13.84
6.86,13.86
6.06,13.06
6.11,14.11
6.9,14.9
6.98,14.98
6.65,14.65
6.83,14.83
6.4,14.4
6.31,14.31
6.03,14.03
6.16,14.16
6.71,14.71
6.25,16.25
6.5,16.5
6.59,16.59
6.28,16.28
6.74,16.74
6.17,16.17
6.19,16.19
6.01,16.01
6.48,16.48
6.38,16.38
6.79,17.79
6.41,17.41
6.89,17.89
6.51,17.51
6.35,17.35
6.77,17.77
6.77,17.77
6.32,17.32
6.79,17.79
6.14,17.14
6.57,42.57
6.06,42.06
6.17,42.17
6.17,42.17
6.49,42.49
6.3,42.3
6.46,42.46
6.87,42.87
6.62,42.62
6.62,42.62
6.43,52.43
6.38,52.38
6.32,52.32
6.5,52.5
6.7,52.7
6.91,52.91
6.85,52.85
6.16,52.16
6.09,52.09
6.24,52.24
7.09,1.09
7.31,1.31
7.09,1.09
7.85,1.85
7.66,1.6600000000000001
7.29,1.29
7.25,1.25
7.83,1.83
7.73,1.73
7.95,1.95
7.47,2.4699999999999998
8.0,3.0
7.51,2.51
7.39,2.39
7.65,2.65
7.97,2.9699999999999998
7.1,2.1
7.6899999999999995,2.69
7.28,2.2800000000000002
7.9399999999999995,2.94
7.9399999999999995,3.94
7.55,3.55
7.78,3.7800000000000002
7.36,3.36
7.93,3.93
7.18,3.18
7.38,3.38
7.64,3.64
7.28,3.2800000000000002
7.45,3.45
7.58,4.58
7.75,4.75
7.82,4.82
7.4,4.4
7.27,4.27
7.57,4.57
7.34,4.34
7.59,4.59
7.85,4.85
7.39,4.39
7.4,7.4
7.44,7.44
7.47,7.47
7.37,7.37
7.53,7.53
7.19,7.19
7.68,7.68
7.15,7.15
7.21,7.21
7.8,7.8
7.35,8.35
7.06,8.06
7.53,8.53
7.1,8.1
7.51,8.51
7.33,8.33
7.89,8.89
7.29,8.29
7.98,8.98
7.5600000000000005,8.56
7.73,9.73
7.33,9.33
7.06,9.06
7.17,9.17
7.19,9.19
7.19,9.19
7.4,9.4
7.93,9.93
7.08,9.08
7.54,9.54
7.98,10.98
7.45,10.45
7.74,10.74
7.74,10.74
7.97,10.97
7.25,10.25
7.41,10.41
7.41,10.41
7.3,10.3
7.61,10.61
7.45,11.45
7.15,11.15
7.5,11.5
7.42,11.42
7.48,11.48
7.1,11.1
7.9,11.9
7.83,11.83
7.53,11.53
7.93,11.93
7.98,12.98
7.07,12.07
7.06,12.06
7.55,12.55
7.01,12.01
7.32,12.32
7.82,12.82
7.09,12.09
7.54,12.54
7.6899999999999995,12.69
7.42,17.42
7.84,17.84
7.61,17.61
7.57,17.57
7.78,17.78
7.38,17.38
7.38,17.38
7.52,17.52
7.58,17.58
7.82,17.82
7.12,42.12
7.03,42.03
7.8,42.8
7.43,42.43
7.61,42.61
7.14,42.14
8.0,43.0
7.08,42.08
7.23,42.23
7.25,42.25
7.66,52.66
7.02,52.02
7.03,52.03
7.77,52.77
7.85,52.85
7.34,52.34
7.29,52.29
7.29,52.29
7.91,52.91
7.43,52.43
7.62,53.62
7.49,53.49
7.78,53.78
7.55,53.55
7.31,53.31
7.17,53.17
7.05,53.05
7.25,53.25
7.38,53.38
7.8,53.8
7.13,54.13
7.12,54.12
8.0,55.0
7.92,54.92
7.12,54.12
7.53,54.53
7.04,54.04
7.8100000000000005,54.81
7.73,54.73
7.54,54.54
7.54,55.54
7.51,55.51
7.22,55.22
7.7,55.7
7.12,55.12
7.65,55.65
7.38,55.38
7.57,55.57
7.85,55.85
7.88,55.88
7.82,56.82
7.8,56.8
8.0,57.0
7.08,56.08
7.25,56.25
7.46,56.46
7.31,56.31
7.64,56.64
7.99,56.99
7.66,56.66
8.85,17.85
8.87,17.87
8.17,17.17
8.06,17.06
8.02,17.02
8.46,17.46
8.38,17.38
8.27,17.27
8.61,17.61
8.77,17.77
8.95,40.95
8.08,40.08
8.14,40.14
8.74,40.74
8.99,40.99
8.02,40.02
8.46,40.46
8.54,40.54
8.05,40.05
8.71,40.71
8.49,41.49
8.93,41.93
8.12,41.12
8.0,41.0
8.89,41.89
8.94,41.94
8.8,41.8
8.64,41.64
8.66,41.66
8.45,41.45
8.18,42.18
8.87,42.87
8.35,42.35
8.64,42.64
8.13,42.13
8.24,42.24
8.11,42.11
8.93,42.93
8.87,42.87
8.77,42.77
8.11,56.11
8.03,56.03
8.06,56.06
8.66,56.66
8.19,56.19
8.57,56.57
8.14,56.14
8.26,56.26
8.98,56.98
8.04,56.04
9.5,17.5
9.44,17.44
9.7,17.7
9.73,17.73
9.4,17.4
9.23,17.23
9.78,17.78
9.42,17.42
9.74,17.74
9.24,17.24
9.99,40.99
9.75,40.75
9.29,40.29
9.21,40.21
9.28,40.28
9.04,40.04
9.69,40.69
9.16,40.16
9.2,40.2
9.02,40.02
9.13,56.13
9.05,56.05
9.64,56.64
10.0,57.0
9.35,56.35
9.96,56.96
9.79,56.79
9.26,56.26
9.98,56.98
9.87,56.87
10.54,17.54
10.92,17.92
10.66,17.66
10.93,17.93
10.46,17.46
10.27,17.27
10.24,17.24
10.45,17.45
10.84,17.84
10.97,17.97
10.95,40.95
10.84,40.84
10.69,40.69
10.39,40.39
10.15,40.15
10.78,40.78
10.76,40.76
10.52,40.52
10.72,40.72
10.85,40.85
10.13,56.13
10.06,56.06
10.33,56.33
10.57,56.57
10.86,56.86
10.03,56.03
10.67,56.67
10.91,56.91
10.63,56.63
10.96,56.96
11.81,17.81
11.67,17.67
11.4,17.4
11.64,17.64
11.11,17.11
11.22,17.22
11.17,17.17
11.62,17.62
11.9,17.9
11.79,17.79
11.44,40.44
11.13,40.13
11.38,40.38
11.4,40.4
11.99,40.99
11.67,40.67
11.12,40.12
11.88,40.88
11.56,40.56
11.97,40.97
11.81,56.81
11.94,56.94
11.12,56.12
11.02,56.02
11.23,56.23
11.04,56.04
12.0,57.0
11.95,56.95
11.28,56.28
11.1,56.1
12.68,16.68
12.82,16.82
12.61,16.61
12.45,16.45
12.7,16.7
12.43,16.43
12.93,16.93
12.06,16.06
12.25,16.25
12.71,16.71
12.19,17.19
12.08,17.08
12.14,17.14
12.34,17.34
12.98,17.98
12.05,17.05
12.44,17.44
12.23,17.23
12.99,17.99
12.81,17.81
12.2,40.2
12.43,40.43
12.84,40.84
12.25,40.25
12.53,40.53
12.21,40.21
12.91,40.91
12.33,40.33
12.2,40.2
12.98,40.98
12.93,41.93
12.2,41.2
12.33,41.33
12.36,41.36
12.01,41.01
12.34,41.34
12.54,41.54
12.48,41.48
12.4,41.4
12.25,41.25
12.47,56.47
12.31,56.31
12.1,56.1
12.43,56.43
12.51,56.51
12.14,56.14
12.22,56.22
12.83,56.83
12.07,56.07
12.3,56.3
12.54,57.54
12.12,57.12
12.64,57.64
12.21,57.21
12.42,57.42
12.34,57.34
12.64,57.64
12.78,57.78
12.89,57.89
12.98,57.98
13.25,16.25
13.61,16.61
13.07,16.07
13.66,16.66
13.86,16.86
13.22,16.22
13.86,16.86
13.02,16.02
13.51,16.51
13.26,16.26
13.03,41.03
13.22,41.22
13.26,41.26
13.54,41.54
13.24,41.24
13.22,41.22
13.54,41.54
13.89,41.89
13.39,41.39
13.23,41.23
13.53,57.53
13.77,57.77
13.27,57.27
13.72,57.72
13.81,57.81
14.0,58.0
13.81,57.81
13.09,57.09
13.94,57.94
13.39,57.39
14.51,16.51
14.31,16.31
14.29,16.29
14.36,16.36
14.18,16.18
14.41,16.41
14.14,16.14
14.17,16.17
14.82,16.82
14.69,16.69
14.97,17.97
14.78,17.78
14.38,17.38
14.32,17.32
14.89,17.89
14.0,17.0
14.62,17.62
14.85,17.85
14.06,17.06
14.84,17.84
14.15,41.15
14.8,41.8
14.19,41.19
14.98,41.98
14.74,41.74
14.95,41.95
14.44,41.44
14.76,41.76
14.22,41.22
14.9,41.9
14.23,55.23
14.62,55.62
14.53,55.53
14.8,55.8
14.91,55.91
14.96,55.96
14.52,55.52
14.55,55.55
14.3,55.3
14.61,55.61
15.0,58.0
14.49,57.49
14.28,57.28
14.47,57.47
14.13,57.13
14.59,57.59
14.16,57.16
14.88,57.88
14.78,57.78
14.58,57.58
15.09,16.09
15.42,16.42
15.5,16.5
15.74,16.74
15.37,16.37
15.66,16.66
15.79,16.79
15.76,16.76
15.8,16.8
15.44,16.44
15.36,41.36
15.73,41.73
15.82,41.82
15.65,41.65
15.88,41.88
15.68,41.68
15.9,41.9
15.49,41.49
15.28,41.28
15.33,41.33
15.57,42.57
15.55,42.55
15.89,42.89
15.04,42.04
15.73,42.73
15.78,42.78
15.41,42.41
15.93,42.93
15.0,42.0
15.73,42.73
15.08,55.08
15.45,55.45
15.41,55.41
15.92,55.92
15.71,55.71
15.66,55.66
15.43,55.43
15.84,55.84
15.7,55.7
15.16,55.16
15.26,56.26
15.26,56.26
15.77,56.77
15.98,56.98
15.53,56.53
15.41,56.41
15.64,56.64
15.38,56.38
15.46,56.46
15.65,56.65
15.95,57.95
15.11,57.11
15.39,57.39
15.19,57.19
15.55,57.55
15.88,57.88
15.64,57.64
15.4,57.4
15.32,57.32
15.41,57.41
16.58,16.58
16.52,16.52
16.07,16.07
16.28,16.28
16.46,16.46
16.56,16.56
16.0,16.0
16.99,16.99
16.63,16.63
16.68,16.68
16.27,17.27
16.21,17.21
16.51,17.51
16.89,17.89
16.52,17.52
16.87,17.87
16.82,17.82
16.84,17.84
16.22,17.22
16.83,17.83
16.64,42.64
16.01,42.01
16.84,42.84
16.33,42.33
16.55,42.55
16.86,42.86
16.61,42.61
16.11,42.11
17.0,43.0
16.12,42.12
16.35,54.35
16.96,54.96
16.98,54.98
17.0,55.0
16.01,54.01
16.06,54.06
16.81,54.81
16.18,54.18
16.52,54.52
16.77,54.77
16.6,55.6
16.6,55.6
16.12,55.12
16.49,55.49
16.23,55.23
16.25,55.25
16.57,55.57
16.07,55.07
16.74,55.74
16.64,55.64
16.77,56.77
16.48,56.48
16.21,56.21
16.96,56.96
16.81,56.81
16.38,56.38
16.78,56.78
16.61,56.61
16.75,56.75
16.83,56.83
17.19,17.19
17.71,17.71
17.33,17.33
17.22,17.22
17.48,17.48
17.3,17.3
17.14,17.14
17.83,17.83
17.65,17.65
17.16,17.16
17.97,40.97
17.63,40.63
17.88,40.88
17.57,40.57
17.19,40.19
17.49,40.49
17.48,40.48
17.81,40.81
17.09,40.09
17.09,40.09
17.63,41.63
17.39,41.39
17.71,41.71
17.67,41.67
17.89,41.89
17.95,41.95
17.26,41.26
17.22,41.22
17.96,41.96
17.93,41.93
17.02,42.02
17.38,42.38
17.62,42.62
17.78,42.78
17.31,42.31
17.82,42.82
17.22,42.22
17.31,42.31
17.17,42.17
17.81,42.81
17.08,54.08
17.62,54.62
17.98,54.98
17.99,54.99
17.71,54.71
17.43,54.43
17.62,54.62
17.25,54.25
17.86,54.86
17.89,54.89
18.37,17.37
18.29,17.29
18.65,17.65
18.77,17.77
18.89,17.89
18.61,17.61
18.55,17.55
18.94,17.94
18.67,17.67
18.21,17.21
18.32,40.32
18.24,40.24
18.67,40.67
18.26,40.26
18.0,40.0
18.28,40.28
18.63,40.63
18.01,40.01
18.31,40.31
18.54,40.54
18.02,54.02
18.55,54.55
18.14,54.14
18.98,54.98
18.5,54.5
18.42,54.42
18.92,54.92
18.4,54.4
18.02,54.02
18.76,54.76
18.25,55.25
18.41,55.41
18.11,55.11
18.65,55.65
18.79,55.79
18.32,55.32
18.21,55.21
18.41,55.41
18.86,55.86
18.36,55.36
19.52,16.52
19.68,16.68
19.18,16.18
19.35,16.35
19.05,16.05
19.75,16.75
19.98,16.98
19.33,16.33
19.24,16.24
19.9,16.9
19.91,17.91
19.01,17.01
19.93,17.93
19.88,17.88
19.72,17.72
19.33,17.33
19.49,17.49
19.76,17.76
19.71,17.71
19.93,17.93
19.86,40.86
19.69,40.69
19.6,40.6
19.03,40.03
19.65,40.65
19.45,40.45
19.59,40.59
19.55,40.55
19.87,40.87
19.78,40.78
19.53,55.53
19.23,55.23
19.65,55.65
19.7,55.7
19.89,55.89
19.31,55.31
19.18,55.18
19.65,55.65
19.76,55.76
19.39,55.39
20.9,16.9
20.92,16.92
20.68,16.68
20.16,16.16
20.81,16.81
20.11,16.11
20.76,16.76
20.24,16.24
20.93,16.93
20.19,16.19
20.91,17.91
20.63,17.63
20.18,17.18
20.55,17.55
20.33,17.33
20.01,17.01
20.47,17.47
20.48,17.48
20.1,17.1
20.41,17.41
20.68,40.68
20.98,40.98
20.99,40.99
20.53,40.53
20.39,40.39
20.96,40.96
20.79,40.79
20.88,40.88
20.6,40.6
20.15,40.15
20.64,55.64
20.72,55.72
20.22,55.22
20.58,55.58
20.41,55.41
20.28,55.28
20.16,55.16
20.62,55.62
20.37,55.37
20.71,55.71
21.64,17.64
21.15,17.15
21.1,17.1
21.09,17.09
21.18,17.18
21.16,17.16
21.99,17.99
21.51,17.51
21.76,17.76
21.71,17.71
21.56,40.56
21.85,40.85
21.71,40.71
21.9,40.9
21.7,40.7
21.06,40.06
21.47,40.47
21.14,40.14
21.02,40.02
21.71,40.71
21.57,55.57
21.55,55.55
21.67,55.67
21.5,55.5
21.7,55.7
21.89,55.89
21.86,55.86
21.68,55.68
21.1,55.1
21.46,55.46
22.96,17.96
22.49,17.49
22.31,17.31
22.88,17.88
22.88,17.88
22.96,17.96
22.12,17.12
22.25,17.25
22.11,17.11
22.91,17.91
22.52,40.52
22.53,40.53
22.24,40.24
22.72,40.72
22.73,40.73
22.35,40.35
22.88,40.88
22.56,40.56
22.98,40.98
22.12,40.12
22.64,47.64
22.51,47.51
22.28,47.28
22.3,47.3
22.4,47.4
22.99,47.99
22.54,47.54
22.19,47.19
22.37,47.37
22.11,47.11
22.75,48.75
22.14,48.14
22.5,48.5
22.96,48.96
22.31,48.31
22.42,48.42
22.93,48.93
22.2,48.2
22.28,48.28
22.29,48.29
22.67,49.67
22.62,49.62
22.67,49.67
22.51,49.51
22.06,49.06
22.75,49.75
22.18,49.18
22.42,49.42
22.17,49.17
22.2,49.2
22.47,50.47
22.64,50.64
22.94,50.94
22.65,50.65
22.02,50.02
22.03,50.03
22.58,50.58
22.91,50.91
22.42,50.42
22.9,50.9
22.64,53.64
22.13,53.13
22.22,53.22
22.43,53.43
22.27,53.27
22.99,53.99
22.07,53.07
22.35,53.35
22.69,53.69
22.51,53.51
22.1,54.1
22.89,54.89
22.74,54.74
22.53,54.53
22.54,54.54
22.63,54.63
22.35,54.35
22.29,54.29
22.45,54.45
22.8,54.8
22.8,55.8
22.22,55.22
22.51,55.51
22.01,55.01
22.02,55.02
22.85,55.85
22.05,55.05
22.47,55.47
22.82,55.82
22.91,55.91
22.81,56.81
22.82,56.82
22.98,56.98
22.19,56.19
22.96,56.96
22.58,56.58
22.64,56.64
22.07,56.07
22.65,56.65
22.19,56.19
22.8,65.8
22.61,65.61
22.99,65.99
22.66,65.66
22.69,65.69
22.95,65.95
22.86,65.86
22.07,65.07
22.39,65.39
22.29,65.29
22.17,66.17
22.12,66.12
22.26,66.26
22.45,66.45
22.19,66.19
22.89,66.89
22.04,66.04
22.6,66.6
22.05,66.05
22.72,66.72
22.61,67.61
22.66,67.66
22.79,67.79
22.42,67.42
22.12,67.12
22.9,67.9
22.81,67.81
22.64,67.64
22.68,67.68
22.74,67.74
22.1,68.1
22.6,68.6
22.01,68.01
22.58,68.58
22.51,68.51
22.07,68.07
22.79,68.79
22.87,68.87
22.19,68.19
22.55,68.55
22.45,72.45
22.2,72.2
22.23,72.23
22.01,72.01
22.52,72.52
22.89,72.89
22.0,72.0
22.9,72.9
22.61,72.61
22.88,72.88
22.39,73.39
22.78,73.78
23.0,74.0
22.21,73.21
22.89,73.89
22.42,73.42
22.44,73.44
22.72,73.72
22.76,73.76
22.2,73.2
22.56,74.56
22.54,74.54
22.03,74.03
22.89,74.89
22.05,74.05
22.71,74.71
22.09,74.09
22.76,74.76
22.72,74.72
22.06,74.06
22.9,75.9
22.12,75.12
22.58,75.58
22.37,75.37
22.55,75.55
22.33,75.33
22.09,75.09
22.42,75.42
22.82,75.82
22.28,75.28
22.79,76.79
22.48,76.48
22.83,76.83
22.03,76.03
22.82,76.82
22.11,76.11
22.63,76.63
22.86,76.86
22.0,76.0
22.16,76.16
23.86,17.86
23.86,17.86
23.95,17.95
23.39,17.39
23.1,17.1
23.05,17.05
23.52,17.52
23.29,17.29
23.05,17.05
23.33,17.33
23.34,18.34
23.47,18.47
23.14,18.14
23.82,18.82
23.89,18.89
23.72,18.72
23.4,18.4
23.92,18.92
23.62,18.62
23.45,18.45
23.93,40.93
23.24,40.24
23.08,40.08
23.87,40.87
23.77,40.77
23.08,40.08
23.72,40.72
23.38,40.38
23.14,40.14
23.89,40.89
23.56,41.56
23.76,41.76
23.79,41.79
23.79,41.79
23.02,41.02
23.12,41.12
23.87,41.87
23.72,41.72
23.38,41.38
23.0,41.0
23.37,42.37
23.21,42.21
23.11,42.11
23.44,42.44
23.52,42.52
23.91,42.91
23.26,42.26
23.26,42.26
23.65,42.65
23.19,42.19
23.04,47.04
23.59,47.59
23.61,47.61
23.19,47.19
23.28,47.28
23.78,47.78
23.05,47.05
23.75,47.75
23.68,47.68
23.31,47.31
23.2,50.2
23.8,50.8
23.45,50.45
23.54,50.54
23.14,50.14
23.71,50.71
23.79,50.79
23.05,50.05
23.29,50.29
23.27,50.27
23.29,53.29
23.54,53.54
23.6,53.6
23.18,53.18
23.54,53.54
23.62,53.62
23.65,53.65
23.55,53.55
23.94,53.94
23.84,53.84
23.48,56.48
23.9,56.9
23.81,56.81
23.41,56.41
23.32,56.32
23.67,56.67
23.27,56.27
23.41,56.41
23.06,56.06
23.51,56.51
23.0,65.0
23.38,65.38
23.92,65.92
23.59,65.59
23.31,65.31
23.22,65.22
23.47,65.47
23.29,65.29
23.18,65.18
23.73,65.73
23.7,68.7
23.3,68.3
23.37,68.37
23.54,68.54
23.81,68.81
23.93,68.93
23.73,68.73
24.0,69.0
23.06,68.06
23.09,68.09
23.77,69.77
23.43,69.43
23.65,69.65
23.35,69.35
23.85,69.85
23.53,69.53
23.18,69.18
23.57,69.57
23.7,69.7
23.83,69.83
23.56,70.56
23.08,70.08
23.52,70.52
23.02,70.02
23.86,70.86
23.26,70.26
23.34,70.34
23.69,70.69
23.49,70.49
23.62,70.62
23.04,71.04
23.08,71.08
23.57,71.57
23.14,71.14
23.55,71.55
23.4,71.4
23.58,71.58
23.99,71.99
23.38,71.38
23.92,71.92
23.09,72.09
23.09,72.09
23.73,72.73
23.99,72.99
23.71,72.71
23.47,72.47
23.09,72.09
23.72,72.72
23.31,72.31
23.41,72.41
23.96,76.96
23.03,76.03
23.8,76.8
23.46,76.46
23.09,76.09
23.59,76.59
23.23,76.23
23.58,76.58
23.52,76.52
23.73,76.73
23.07,77.07
23.06,77.06
23.08,77.08
23.07,77.07
23.21,77.21
23.48,77.48
23.36,77.36
23.07,77.07
23.14,77.14
23.41,77.41
23.43,78.43
23.92,78.92
23.38,78.38
23.29,78.29
23.79,78.79
23.19,78.19
23.56,78.56
23.11,78.11
23.23,78.23
23.1,78.1
24.15,18.15
24.42,18.42
24.4,18.4
24.13,18.13
24.65,18.65
24.05,18.05
24.55,18.55
24.33,18.33
24.14,18.14
24.86,18.86
24.95,42.95
24.47,42.47
24.63,42.63
24.98,42.98
24.72,42.72
24.73,42.73
24.98,42.98
24.67,42.67
24.92,42.92
24.32,42.32
24.25,47.25
24.84,47.84
24.51,47.51
24.26,47.26
24.69,47.69
24.07,47.07
25.0,48.0
24.37,47.37
24.47,47.47
24.72,47.72
24.91,50.91
24.95,50.95
24.76,50.76
24.83,50.83
24.81,50.81
24.11,50.11
24.71,50.71
24.97,50.97
24.17,50.17
24.05,50.05
24.81,51.81
24.02,51.02
24.75,51.75
24.07,51.07
24.38,51.38
24.98,51.98
24.58,51.58
24.66,51.66
24.17,51.17
24.1,51.1
24.78,52.78
24.77,52.77
24.35,52.35
24.48,52.48
24.38,52.38
24.93,52.93
24.36,52.36
24.11,52.11
24.63,52.63
24.68,52.68
24.05,53.05
24.61,53.61
24.51,53.51
24.26,53.26
24.22,53.22
24.88,53.88
24.1,53.1
24.24,53.24
24.1,53.1
24.75,53.75
24.82,56.82
24.45,56.45
24.63,56.63
24.85,56.85
24.27,56.27
24.73,56.73
24.31,56.31
24.88,56.88
24.6,56.6
24.69,56.69
24.77,64.77
24.35,64.35
24.91,64.91
24.01,64.01
24.68,64.68
24.27,64.27
24.88,64.88
24.92,64.92
24.79,64.79
24.16,64.16
24.19,65.19
24.16,65.16
24.31,65.31
24.7,65.7
24.47,65.47
25.0,66.0
24.88,65.88
24.74,65.74
24.68,65.68
24.32,65.32
24.21,79.21
24.22,79.22
24.82,79.82
24.3,79.3
24.22,79.22
24.92,79.92
24.36,79.36
24.97,79.97
24.64,79.64
24.8,79.8
25.73,1.73
25.28,1.28
25.58,1.58
25.31,1.31
25.2,1.2
25.15,1.15
25.26,1.26
25.03,1.03
25.12,1.12
25.35,1.35
25.75,2.75
25.16,2.16
25.79,2.79
25.34,2.34
25.02,2.02
25.1,2.1
25.04,2.04
25.69,2.69
25.26,2.26
25.18,2.18
25.26,3.26
25.75,3.75
25.8,3.8
25.86,3.86
25.01,3.01
25.53,3.5300000000000002
25.23,3.23
25.41,3.41
25.65,3.65
25.25,3.25
25.36,4.36
25.52,4.52
25.5,4.5
25.67,4.67
25.7,4.7
25.83,4.83
25.78,4.78
25.1,4.1
25.14,4.14
25.33,4.33
25.63,5.63
25.35,5.35
25.86,5.86
25.65,5.65
25.75,5.75
25.7,5.7
25.87,5.87
25.47,5.47
25.05,5.05
25.41,5.41
25.45,6.45
25.71,6.71
25.1,6.1
25.72,6.72
25.75,6.75
25.45,6.45
25.3,6.3
25.35,6.35
25.46,6.46
25.96,6.96
25.94,7.9399999999999995
25.28,7.28
25.98,7.98
25.85,7.85
25.44,7.44
25.54,7.54
25.4,7.4
25.22,7.22
25.53,7.53
25.98,7.98
25.2,8.2
25.98,8.98
25.3,8.3
25.89,8.89
25.85,8.85
25.28,8.28
25.96,8.96
25.74,8.74
25.56,8.56
25.31,8.31
25.0,12.0
25.78,12.78
25.64,12.64
25.92,12.92
25.35,12.35
25.39,12.39
25.17,12.17
25.11,12.11
25.97,12.97
25.29,12.29
25.15,13.15
25.93,13.93
25.55,13.55
25.09,13.09
25.92,13.92
25.75,13.75
25.05,13.05
25.08,13.08
25.24,13.24
25.42,13.42
25.8,14.8
25.24,14.24
25.23,14.23
25.04,14.04
25.65,14.65
25.79,14.79
25.28,14.28
25.32,14.32
25.0,14.0
25.53,14.53
25.01,18.01
25.64,18.64
25.21,18.21
25.3,18.3
25.58,18.58
25.21,18.21
25.4,18.4
25.39,18.39
25.79,18.79
25.22,18.22
25.48,23.48
25.03,23.03
25.92,23.92
25.13,23.13
25.17,23.17
25.32,23.32
25.52,23.52
25.89,23.89
25.48,23.48
25.87,23.87
25.65,24.65
25.67,24.67
25.17,24.17
25.66,24.66
25.53,24.53
25.8,24.8
25.28,24.28
25.77,24.77
25.45,24.45
25.78,24.78
25.46,25.46
25.23,25.23
25.28,25.28
25.27,25.27
25.66,25.66
25.8,25.8
25.44,25.44
25.16,25.16
25.76,25.76
25.64,25.64
25.0,26.0
25.29,26.29
25.58,26.58
25.33,26.33
25.07,26.07
25.4,26.4
25.98,26.98
25.98,26.98
25.35,26.35
25.61,26.61
25.73,27.73
25.42,27.42
25.05,27.05
25.64,27.64
25.25,27.25
25.9,27.9
25.82,27.82
25.4,27.4
25.59,27.59
25.89,27.89
25.4,42.4
25.97,42.97
25.31,42.31
25.06,42.06
25.69,42.69
25.18,42.18
25.51,42.51
25.79,42.79
25.07,42.07
25.14,42.14
25.28,46.28
25.63,46.63
26.0,47.0
25.17,46.17
25.27,46.27
25.9,46.9
25.39,46.39
25.43,46.43
25.82,46.82
25.92,46.92
25.74,47.74
25.27,47.27
25.55,47.55
25.77,47.77
25.56,47.56
25.69,47.69
25.08,47.08
25.69,47.69
25.01,47.01
25.62,47.62
25.03,56.03
25.43,56.43
25.75,56.75
25.06,56.06
25.12,56.12
25.26,56.26
25.23,56.23
25.1,56.1
26.0,57.0
25.32,56.32
25.68,63.68
25.28,63.28
25.54,63.54
25.18,63.18
25.74,63.74
25.86,63.86
25.53,63.53
25.59,63.59
25.55,63.55
25.58,63.58
25.16,64.16
25.17,64.17
25.0,64.0
25.42,64.42
25.86,64.86
25.13,64.13
25.01,64.01
25.81,64.81
25.27,64.27
25.64,64.64
25.62,65.62
25.96,65.96
25.59,65.59
25.79,65.79
25.25,65.25
25.01,65.01
25.77,65.77
25.47,65.47
25.49,65.49
25.22,65.22
25.96,78.96
25.76,78.76
25.01,78.01
25.78,78.78
25.19,78.19
25.11,78.11
25.06,78.06
25.55,78.55
25.7,78.7
25.64,78.64
25.31,79.31
25.91,79.91
25.07,79.07
25.12,79.12
25.61,79.61
25.62,79.62
25.8,79.8
25.08,79.08
25.47,79.47
25.87,79.87
26.09,1.09
26.2,1.2
26.28,1.28
26.73,1.73
26.22,1.22
26.17,1.17
26.04,1.04
26.75,1.75
26.14,1.1400000000000001
26.18,1.18
26.33,8.33
26.07,8.07
26.83,8.83
26.95,8.95
26.58,8.58
26.13,8.13
26.87,8.87
26.7,8.7
26.38,8.38
26.44,8.44
26.06,9.06
26.46,9.46
26.42,9.42
26.19,9.19
26.48,9.48
26.73,9.73
26.58,9.58
26.11,9.11
26.46,9.46
26.14,9.14
26.88,10.88
26.1,10.1
26.62,10.62
26.06,10.06
26.02,10.02
26.99,10.99
26.12,10.12
26.31,10.31
26.74,10.74
26.86,10.86
26.53,11.53
26.51,11.51
26.99,11.99
26.64,11.64
26.88,11.88
26.13,11.13
26.99,11.99
26.07,11.07
26.4,11.4
26.3,11.3
26.72,12.72
26.68,12.68
26.92,12.92
26.17,12.17
26.55,12.55
26.55,12.55
26.65,12.65
26.24,12.24
26.2,12.2
26.49,12.49
26.77,14.77
26.11,14.11
26.92,14.92
26.2,14.2
26.83,14.83
26.23,14.23
26.66,14.66
27.0,15.0
26.97,14.97
26.98,14.98
26.56,17.56
26.83,17.83
26.2,17.2
26.74,17.74
26.11,17.11
26.52,17.52
26.22,17.22
26.19,17.19
26.69,17.69
26.74,17.74
26.25,18.25
26.23,18.23
26.72,18.72
26.33,18.33
26.1,18.1
26.12,18.12
26.68,18.68
26.92,18.92
26.54,18.54
26.79,18.79
26.07,21.07
26.86,21.86
26.08,21.08
26.28,21.28
26.77,21.77
26.79,21.79
26.03,21.03
26.31,21.31
26.81,21.81
26.9,21.9
26.92,22.92
26.8,22.8
26.84,22.84
26.39,22.39
26.37,22.37
26.25,22.25
26.25,22.25
26.69,22.69
26.48,22.48
26.18,22.18
26.87,23.87
26.9,23.9
26.83,23.83
26.72,23.72
26.7,23.7
26.02,23.02
26.04,23.04
26.29,23.29
26.47,23.47
26.9,23.9
26.36,27.36
26.97,27.97
26.68,27.68
26.62,27.62
26.68,27.68
26.29,27.29
26.95,27.95
26.68,27.68
26.46,27.46
26.45,27.45
26.78,42.78
26.28,42.28
26.75,42.75
26.62,42.62
26.32,42.32
26.19,42.19
26.43,42.43
26.76,42.76
26.35,42.35
26.38,42.38
26.15,43.15
26.38,43.38
26.04,43.04
26.41,43.41
26.13,43.13
26.77,43.77
26.66,43.66
26.79,43.79
26.6,43.6
26.5,43.5
26.39,44.39
26.13,44.13
26.67,44.67
26.4,44.4
27.0,45.0
26.54,44.54
26.85,44.85
26.93,44.93
26.06,44.06
26.57,44.57
26.53,45.53
26.78,45.78
26.78,45.78
26.26,45.26
26.95,45.95
26.15,45.15
26.66,45.66
26.46,45.46
26.46,45.46
26.39,45.39
26.23,46.23
26.47,46.47
26.65,46.65
26.23,46.23
26.81,46.81
26.42,46.42
26.98,46.98
26.5,46.5
26.63,46.63
26.55,46.55
26.01,56.01
26.16,56.16
26.58,56.58
26.03,56.03
26.35,56.35
26.57,56.57
27.0,57.0
26.68,56.68
26.61,56.61
26.83,56.83
26.4,57.4
27.0,58.0
26.53,57.53
26.56,57.56
26.62,57.62
26.76,57.76
26.63,57.63
26.08,57.08
26.36,57.36
26.07,57.07
26.4,63.4
26.71,63.71
26.25,63.25
26.68,63.68
26.4,63.4
26.74,63.74
26.99,63.99
26.44,63.44
26.01,63.01
26.4,63.4
26.32,78.32
26.99,78.99
26.14,78.14
26.41,78.41
26.05,78.05
26.0,78.0
26.2,78.2
26.64,78.64
26.14,78.14
26.9,78.9
27.05,1.05
27.92,1.92
27.03,1.03
27.8,1.8
27.23,1.23
27.47,1.47
27.36,1.3599999999999999
27.37,1.37
27.49,1.49
27.89,1.8900000000000001
27.8,14.8
27.58,14.58
27.8,14.8
27.17,14.17
27.13,14.13
28.0,15.0
27.27,14.27
27.13,14.13
27.88,14.88
27.51,14.51
27.57,17.57
27.25,17.25
27.48,17.48
27.56,17.56
27.65,17.65
27.52,17.52
27.05,17.05
27.02,17.02
27.91,17.91
27.24,17.24
27.79,21.79
27.36,21.36
27.24,21.24
27.26,21.26
27.07,21.07
27.57,21.57
27.2,21.2
27.92,21.92
27.56,21.56
27.4,21.4
27.09,27.09
27.79,27.79
27.19,27.19
27.33,27.33
27.59,27.59
27.29,27.29
27.67,27.67
27.86,27.86
27.38,27.38
27.39,27.39
27.61,57.61
27.51,57.51
27.14,57.14
27.14,57.14
27.55,57.55
27.24,57.24
27.52,57.52
27.0,57.0
27.0,57.0
27.45,57.45
27.41,63.41
27.9,63.9
27.6,63.6
27.49,63.49
27.78,63.78
27.76,63.76
27.84,63.84
27.62,63.62
27.48,63.48
27.54,63.54
27.71,78.71
27.76,78.76
27.69,78.69
27.67,78.67
27.22,78.22
27.87,78.87
27.46,78.46
27.85,78.85
27.34,78.34
27.54,78.54
28.9,0.9
28.57,0.57
28.59,0.59
28.66,0.66
28.03,0.03
28.39,0.39
28.62,0.62
28.87,0.87
28.59,0.59
28.35,0.35
28.28,1.28
28.12,1.12
28.73,1.73
28.41,1.41
28.86,1.8599999999999999
28.33,1.33
28.56,1.56
28.57,1.5699999999999998
28.79,1.79
28.14,1.1400000000000001
28.85,14.85
28.72,14.72
28.65,14.65
28.8,14.8
28.32,14.32
28.49,14.49
28.88,14.88
28.73,14.73
28.52,14.52
28.84,14.84
28.73,17.73
28.73,17.73
28.55,17.55
28.01,17.01
28.36,17.36
28.83,17.83
28.8,17.8
28.56,17.56
28.78,17.78
28.4,17.4
28.71,21.71
28.76,21.76
28.33,21.33
28.71,21.71
28.98,21.98
28.18,21.18
28.08,21.08
28.65,21.65
28.95,21.95
28.67,21.67
28.06,27.06
28.3,27.3
28.19,27.19
28.86,27.86
28.14,27.14
28.27,27.27
28.38,27.38
28.77,27.77
28.1,27.1
28.92,27.92
28.9,56.9
28.76,56.76
28.23,56.23
28.86,56.86
28.19,56.19
28.55,56.55
28.64,56.64
28.55,56.55
28.94,56.94
28.79,56.79
28.06,57.06
28.55,57.55
28.54,57.54
28.18,57.18
28.85,57.85
28.34,57.34
28.65,57.65
28.93,57.93
28.6,57.6
28.81,57.81
28.05,63.05
28.19,63.19
28.1,63.1
28.93,63.93
28.51,63.51
28.13,63.13
28.46,63.46
28.56,63.56
28.57,63.57
28.71,63.71
28.91,64.91
28.41,64.41
28.06,64.06
28.69,64.69
28.53,64.53
28.71,64.71
28.69,64.69
28.99,64.99
28.65,64.65
28.36,64.36
28.55,78.55
28.75,78.75
28.11,78.11
28.59,78.59
28.68,78.68
28.41,78.41
28.7,78.7
28.82,78.82
28.42,78.42
28.92,78.92
29.75,1.75
29.68,1.6800000000000002
29.79,1.79
29.24,1.24
29.54,1.54
29.64,1.6400000000000001
29.17,1.17
29.66,1.6600000000000001
29.09,1.09
29.41,1.41
29.88,13.88
29.19,13.19
29.59,13.59
29.96,13.96
30.0,14.0
29.99,13.99
29.34,13.34
29.7,13.7
29.15,13.15
29.67,13.67
29.0,14.0
29.1,14.1
29.61,14.61
29.03,14.03
29.76,14.76
29.56,14.56
29.44,14.44
29.69,14.69
29.2,14.2
29.51,14.51
29.13,15.13
29.25,15.25
29.66,15.66
29.02,15.02
29.99,15.99
29.72,15.72
29.88,15.88
29.05,15.05
29.01,15.01
29.68,15.68
29.51,16.51
29.57,16.57
29.33,16.33
29.43,16.43
29.14,16.14
29.33,16.33
29.07,16.07
29.46,16.46
29.67,16.67
29.55,16.55
29.89,17.89
29.81,17.81
29.63,17.63
29.19,17.19
29.37,17.37
29.81,17.81
29.33,17.33
29.06,17.06
29.95,17.95
29.15,17.15
29.84,19.84
29.0,19.0
29.74,19.74
29.74,19.74
29.01,19.01
29.24,19.24
29.73,19.73
29.73,19.73
29.71,19.71
29.7,19.7
29.92,20.92
29.61,20.61
29.35,20.35
29.59,20.59
29.21,20.21
29.32,20.32
29.43,20.43
29.17,20.17
29.85,20.85
29.9,20.9
29.29,21.29
29.87,21.87
29.37,21.37
29.72,21.72
29.81,21.81
29.57,21.57
29.48,21.48
29.87,21.87
29.97,21.97
29.66,21.66
29.51,27.51
29.77,27.77
29.94,27.94
29.64,27.64
29.7,27.7
29.43,27.43
29.8,27.8
29.25,27.25
29.72,27.72
29.69,27.69
29.1,42.1
29.95,42.95
29.57,42.57
29.81,42.81
29.99,42.99
29.55,42.55
29.49,42.49
29.04,42.04
29.88,42.88
29.92,42.92
29.88,43.88
29.25,43.25
29.39,43.39
29.77,43.77
29.95,43.95
29.51,43.51
29.3,43.3
29.54,43.54
29.97,43.97
29.3,43.3
29.13,44.13
29.52,44.52
29.4,44.4
29.03,44.03
29.52,44.52
29.65,44.65
29.68,44.68
29.79,44.79
29.23,44.23
29.73,44.73
29.02,45.02
29.86,45.86
29.22,45.22
29.77,45.77
29.07,45.07
29.38,45.38
29.88,45.88
29.29,45.29
29.18,45.18
29.8,45.8
29.57,46.57
29.36,46.36
29.72,46.72
29.33,46.33
29.12,46.12
29.21,46.21
29.4,46.4
29.76,46.76
29.92,46.92
29.08,46.08
29.49,51.49
29.24,51.24
29.35,51.35
29.85,51.85
29.53,51.53
29.62,51.62
29.82,51.82
29.54,51.54
29.68,51.68
29.11,51.11
29.1,52.1
29.14,52.14
29.12,52.12
29.75,52.75
29.36,52.36
29.13,52.13
29.36,52.36
29.49,52.49
29.3,52.3
29.86,52.86
29.99,53.99
29.9,53.9
29.25,53.25
29.63,53.63
29.38,53.38
29.74,53.74
29.3,53.3
29.54,53.54
29.16,53.16
29.56,53.56
29.48,56.48
29.62,56.62
29.82,56.82
29.57,56.57
29.65,56.65
29.08,56.08
29.47,56.47
29.66,56.66
29.16,56.16
29.85,56.85
29.53,64.53
29.34,64.34
29.99,64.99
29.19,64.19
29.48,64.48
29.89,64.89
29.24,64.24
29.23,64.23
29.83,64.83
29.76,64.76
29.53,78.53
29.16,78.16
29.38,78.38
29.7,78.7
29.0,78.0
29.46,78.46
29.93,78.93
29.65,78.65
29.76,78.76
29.87,78.87
29.55,79.55
29.95,79.95
29.32,79.32
29.59,79.59
29.59,79.59
30.0,80.0
29.6,79.6
29.51,79.51
29.12,79.12
29.05,79.05
30.95,1.95
30.99,1.99
30.44,1.44
30.07,1.07
30.39,1.3900000000000001
30.96,1.96
30.14,1.1400000000000001
30.05,1.05
30.46,1.46
30.58,1.58
30.03,2.03
30.98,2.98
30.68,2.68
30.52,2.52
30.79,2.79
30.74,2.74
30.88,2.88
30.83,2.83
30.43,2.43
30.2,2.2
30.35,12.35
30.92,12.92
30.32,12.32
30.02,12.02
30.04,12.04
30.52,12.52
30.66,12.66
30.74,12.74
30.82,12.82
30.42,12.42
30.07,13.07
30.09,13.09
30.35,13.35
30.58,13.58
30.89,13.89
30.28,13.28
30.96,13.96
30.53,13.53
30.21,13.21
30.31,13.31
30.47,15.47
30.75,15.75
30.45,15.45
30.09,15.09
30.73,15.73
30.69,15.69
30.06,15.06
30.59,15.59
30.5,15.5
30.33,15.33
30.63,17.63
30.36,17.36
30.78,17.78
30.42,17.42
30.02,17.02
30.06,17.06
30.55,17.55
30.22,17.22
30.35,17.35
30.7,17.7
30.95,18.95
30.98,18.98
30.52,18.52
30.36,18.36
30.01,18.01
30.49,18.49
30.64,18.64
30.33,18.33
30.81,18.81
30.99,18.99
30.65,19.65
30.84,19.84
30.38,19.38
30.96,19.96
30.08,19.08
30.47,19.47
30.86,19.86
30.86,19.86
30.81,19.81
30.39,19.39
30.66,20.66
30.49,20.49
30.05,20.05
30.46,20.46
30.68,20.68
30.97,20.97
30.91,20.91
30.4,20.4
30.04,20.04
30.53,20.53
30.31,27.31
30.13,27.13
30.46,27.46
30.27,27.27
30.27,27.27
30.72,27.72
30.61,27.61
30.06,27.06
30.66,27.66
30.89,27.89
30.34,42.34
30.88,42.88
30.28,42.28
30.45,42.45
30.62,42.62
30.56,42.56
30.9,42.9
30.65,42.65
30.97,42.97
30.42,42.42
30.72,46.72
30.88,46.88
30.89,46.89
30.82,46.82
30.94,46.94
30.75,46.75
30.44,46.44
30.01,46.01
30.98,46.98
30.56,46.56
30.91,47.91
30.05,47.05
30.93,47.93
30.83,47.83
30.66,47.66
30.8,47.8
30.31,47.31
30.8,47.8
30.89,47.89
30.67,47.67
30.64,48.64
30.23,48.23
30.13,48.13
30.32,48.32
30.52,48.52
30.67,48.67
30.78,48.78
30.09,48.09
30.15,48.15
30.82,48.82
30.15,49.15
30.72,49.72
30.97,49.97
30.06,49.06
30.95,49.95
30.2,49.2
30.31,49.31
30.08,49.08
30.79,49.79
30.78,49.78
30.27,50.27
30.91,50.91
30.85,50.85
30.56,50.56
30.37,50.37
30.8,50.8
30.13,50.13
30.05,50.05
30.43,50.43
31.0,51.0
30.07,51.07
30.11,51.11
30.28,51.28
30.79,51.79
30.61,51.61
30.0,51.0
30.91,51.91
30.88,51.88
30.3,51.3
30.87,51.87
30.17,53.17
30.12,53.12
30.71,53.71
30.18,53.18
30.37,53.37
30.37,53.37
30.72,53.72
30.34,53.34
30.81,53.81
30.62,53.62
30.61,56.61
30.26,56.26
30.39,56.39
30.17,56.17
30.35,56.35
30.68,56.68
30.54,56.54
30.81,56.81
30.73,56.73
30.58,56.58
30.08,63.08
30.95,63.95
30.38,63.38
30.13,63.13
30.23,63.23
30.71,63.71
30.24,63.24
30.12,63.12
30.0,63.0
30.89,63.89
30.71,64.71
30.51,64.51
30.32,64.32
30.31,64.31
30.4,64.4
30.23,64.23
30.6,64.6
30.85,64.85
30.94,64.94
30.45,64.45
30.39,79.39
30.85,79.85
30.28,79.28
30.42,79.42
30.39,79.39
30.8,79.8
30.72,79.72
30.27,79.27
30.53,79.53
30.45,79.45
31.66,2.66
31.89,2.89
31.33,2.33
31.47,2.4699999999999998
31.44,2.44
31.31,2.31
31.2,2.2
31.63,2.63
31.41,2.41
31.2,2.2
31.9,11.9
31.28,11.28
31.63,11.63
31.33,11.33
31.77,11.77
31.52,11.52
31.7,11.7
31.46,11.46
31.41,11.41
31.75,11.75
31.05,12.05
31.79,12.79
31.69,12.69
31.43,12.43
31.93,12.93
31.22,12.22
31.03,12.03
31.88,12.88
31.96,12.96
31.06,12.06
31.88,15.88
31.98,15.98
31.82,15.82
31.34,15.34
31.65,15.65
31.7,15.7
31.0,15.0
31.4,15.4
31.58,15.58
31.86,15.86
31.18,20.18
31.2,20.2
31.94,20.94
31.29,20.29
31.03,20.03
31.29,20.29
31.86,20.86
31.84,20.84
31.8,20.8
31.91,20.91
31.38,27.38
31.54,27.54
31.23,27.23
31.73,27.73
32.0,28.0
31.37,27.37
31.78,27.78
31.15,27.15
31.46,27.46
31.54,27.54
31.08,42.08
31.98,42.98
31.1,42.1
31.44,42.44
31.87,42.87
31.01,42.01
31.18,42.18
31.69,42.69
31.8,42.8
31.85,42.85
31.34,53.34
31.8,53.8
31.1,53.1
31.5,53.5
31.1,53.1
31.69,53.69
31.33,53.33
31.54,53.54
31.52,53.52
31.55,53.55
31.67,54.67
31.4,54.4
31.29,54.29
31.31,54.31
31.85,54.85
31.63,54.63
31.91,54.91
31.91,54.91
31.21,54.21
31.89,54.89
31.14,55.14
31.98,55.98
31.21,55.21
31.36,55.36
31.14,55.14
31.5,55.5
31.85,55.85
31.52,55.52
31.53,55.53
31.48,55.48
31.97,56.97
31.62,56.62
31.76,56.76
31.71,56.71
31.84,56.84
31.83,56.83
31.64,56.64
31.15,56.15
31.61,56.61
31.15,56.15
31.32,57.32
31.25,57.25
31.64,57.64
31.54,57.54
31.25,57.25
31.63,57.63
31.76,57.76
31.99,57.99
31.88,57.88
31.45,57.45
31.84,63.84
31.87,63.87
31.56,63.56
31.89,63.89
31.36,63.36
32.0,64.0
31.14,63.14
31.6,63.6
31.94,63.94
31.71,63.71
31.24,79.24
31.39,79.39
31.75,79.75
31.92,79.92
31.04,79.04
31.65,79.65
31.9,79.9
31.74,79.74
31.66,79.66
31.79,79.79
32.78,2.7800000000000002
32.42,2.42
32.87,2.87
32.95,2.95
32.53,2.5300000000000002
32.09,2.09
32.94,2.94
32.0,2.0
32.68,2.68
32.3,2.3
32.78,11.78
32.61,11.61
32.55,11.55
32.56,11.56
32.54,11.54
32.21,11.21
32.05,11.05
32.92,11.92
32.3,11.3
32.83,11.83
32.73,15.73
32.17,15.17
32.65,15.65
32.05,15.05
32.34,15.34
32.59,15.59
32.51,15.51
32.61,15.61
32.83,15.83
32.4,15.4
32.96,16.96
32.03,16.03
32.83,16.83
32.78,16.78
32.54,16.54
32.65,16.65
32.09,16.09
32.45,16.45
32.17,16.17
32.96,16.96
32.51,20.51
32.96,20.96
32.73,20.73
32.87,20.87
32.41,20.41
32.77,20.77
32.04,20.04
32.96,20.96
32.68,20.68
32.34,20.34
32.2,27.2
32.69,27.69
32.99,27.99
32.13,27.13
32.63,27.63
32.96,27.96
32.38,27.38
32.69,27.69
32.99,27.99
32.38,27.38
32.86,42.86
32.56,42.56
32.21,42.21
32.05,42.05
32.99,42.99
32.85,42.85
32.92,42.92
32.38,42.38
32.58,42.58
32.39,42.39
32.95,55.95
32.61,55.61
32.93,55.93
32.47,55.47
32.9,55.9
32.08,55.08
32.8,55.8
32.18,55.18
32.17,55.17
32.02,55.02
32.31,57.31
32.53,57.53
32.2,57.2
32.74,57.74
32.14,57.14
32.17,57.17
32.04,57.04
32.87,57.87
32.58,57.58
32.73,57.73
32.68,58.68
32.22,58.22
32.32,58.32
32.14,58.14
32.99,58.99
32.6,58.6
32.36,58.36
32.45,58.45
32.17,58.17
32.92,58.92
32.72,59.72
32.95,59.95
32.82,59.82
32.21,59.21
32.64,59.64
32.73,59.73
32.94,59.94
32.55,59.55
32.6,59.6
32.36,59.36
32.68,60.68
32.78,60.78
32.87,60.87
32.26,60.26
32.57,60.57
32.69,60.69
32.53,60.53
32.44,60.44
32.82,60.82
32.68,60.68
32.95,61.95
32.51,61.51
32.37,61.37
32.37,61.37
32.21,61.21
32.4,61.4
32.1,61.1
32.54,61.54
32.46,61.46
32.85,61.85
32.17,62.17
32.31,62.31
32.13,62.13
32.3,62.3
32.08,62.08
32.57,62.57
32.31,62.31
32.6,62.6
32.68,62.68
32.28,62.28
32.14,63.14
32.62,63.62
32.02,63.02
32.52,63.52
32.18,63.18
32.36,63.36
32.37,63.37
32.35,63.35
32.77,63.77
32.57,63.57
32.36,79.36
32.75,79.75
32.57,79.57
32.21,79.21
32.08,79.08
32.01,79.01
32.82,79.82
32.31,79.31
32.95,79.95
32.68,79.68
33.18,2.18
33.85,2.85
33.2,2.2
33.84,2.84
33.38,2.38
33.35,2.35
33.24,2.24
33.72,2.7199999999999998
33.38,2.38
33.57,2.57
33.57,3.57
33.55,3.55
33.54,3.54
33.65,3.65
33.94,3.94
33.17,3.17
33.02,3.02
33.77,3.77
33.18,3.18
33.12,3.12
33.98,4.98
33.82,4.82
33.6,4.6
33.76,4.76
33.96,4.96
33.76,4.76
33.3,4.3
33.68,4.68
33.87,4.87
33.27,4.27
33.68,5.68
33.5,5.5
33.03,5.03
33.11,5.11
33.09,5.09
33.03,5.03
33.93,5.93
33.04,5.04
33.04,5.04
33.45,5.45
33.96,11.96
33.38,11.38
33.2,11.2
33.88,11.88
33.55,11.55
33.43,11.43
33.87,11.87
33.86,11.86
33.29,11.29
33.68,11.68
33.03,16.03
33.31,16.31
33.53,16.53
33.25,16.25
33.7,16.7
33.4,16.4
33.92,16.92
33.79,16.79
33.1,16.1
33.11,16.11
33.42,20.42
33.65,20.65
33.07,20.07
33.52,20.52
33.14,20.14
33.14,20.14
33.97,20.97
33.8,20.8
33.32,20.32
33.99,20.99
33.04,26.04
33.48,26.48
33.92,26.92
33.36,26.36
33.36,26.36
33.7,26.7
33.06,26.06
33.53,26.53
33.91,26.91
33.54,26.54
33.66,42.66
33.62,42.62
33.75,42.75
33.92,42.92
33.54,42.54
33.43,42.43
33.72,42.72
33.82,42.82
33.34,42.34
33.89,42.89
33.46,43.46
33.06,43.06
33.53,43.53
33.24,43.24
33.64,43.64
33.31,43.31
33.54,43.54
33.67,43.67
33.34,43.34
33.68,43.68
33.65,55.65
33.58,55.58
33.46,55.46
33.84,55.84
33.72,55.72
33.8,55.8
33.88,55.88
33.47,55.47
33.39,55.39
33.98,55.98
33.31,57.31
33.38,57.38
33.93,57.93
33.54,57.54
33.32,57.32
33.29,57.29
33.69,57.69
33.18,57.18
33.32,57.32
33.6,57.6
33.54,63.54
33.76,63.76
33.45,63.45
33.98,63.98
33.44,63.44
33.44,63.44
33.66,63.66
33.7,63.7
33.82,63.82
33.38,63.38
33.87,79.87
33.42,79.42
33.19,79.19
33.02,79.02
33.52,79.52
33.78,79.78
33.16,79.16
33.6,79.6
33.19,79.19
33.76,79.76
34.08,5.08
34.56,5.5600000000000005
34.79,5.79
34.16,5.16
34.8,5.8
34.43,5.43
34.12,5.12
34.74,5.74
34.24,5.24
34.23,5.23
34.72,10.72
34.92,10.92
34.11,10.11
34.02,10.02
34.0,10.0
34.74,10.74
34.75,10.75
34.41,10.41
34.22,10.22
34.69,10.69
34.8,11.8
34.18,11.18
34.83,11.83
34.48,11.48
34.39,11.39
34.5,11.5
34.46,11.46
34.01,11.01
34.45,11.45
34.73,11.73
34.14,16.14
34.1,16.1
34.72,16.72
34.74,16.74
34.08,16.08
34.61,16.61
34.88,16.88
34.11,16.11
34.81,16.81
34.03,16.03
34.27,20.27
34.86,20.86
35.0,21.0
34.48,20.48
34.44,20.44
34.92,20.92
34.87,20.87
34.02,20.02
34.88,20.88
34.49,20.49
34.44,21.44
34.56,21.56
34.23,21.23
34.68,21.68
34.2,21.2
34.41,21.41
34.66,21.66
34.98,21.98
34.68,21.68
34.73,21.73
34.85,22.85
34.93,22.93
34.84,22.84
34.21,22.21
34.7,22.7
34.88,22.88
34.96,22.96
34.54,22.54
34.24,22.24
34.13,22.13
34.61,26.61
34.11,26.11
34.68,26.68
34.78,26.78
34.71,26.71
34.64,26.64
34.3,26.3
34.61,26.61
34.08,26.08
34.92,26.92
34.15,27.15
34.51,27.51
34.38,27.38
34.02,27.02
34.83,27.83
34.87,27.87
34.14,27.14
34.23,27.23
34.11,27.11
34.07,27.07
34.52,43.52
34.35,43.35
34.79,43.79
34.14,43.14
34.31,43.31
34.97,43.97
34.81,43.81
34.22,43.22
34.18,43.18
34.36,43.36
34.28,55.28
34.83,55.83
34.56,55.56
34.65,55.65
34.0,55.0
34.74,55.74
34.18,55.18
34.64,55.64
34.81,55.81
34.43,55.43
34.41,57.41
34.22,57.22
34.5,57.5
34.01,57.01
34.85,57.85
34.24,57.24
34.27,57.27
34.45,57.45
34.38,57.38
34.69,57.69
34.27,63.27
34.02,63.02
34.57,63.57
34.36,63.36
34.07,63.07
34.0,63.0
34.68,63.68
34.64,63.64
34.12,63.12
34.74,63.74
34.93,64.93
34.53,64.53
34.53,64.53
34.53,64.53
34.16,64.16
35.0,65.0
34.47,64.47
34.59,64.59
34.72,64.72
34.0,64.0
34.47,65.47
34.46,65.46
34.23,65.23
34.67,65.67
34.73,65.73
34.78,65.78
34.14,65.14
34.13,65.13
34.65,65.65
34.28,65.28
34.09,77.09
34.08,77.08
34.22,77.22
34.24,77.24
34.2,77.2
34.81,77.81
34.95,77.95
34.94,77.94
34.39,77.39
34.06,77.06
34.91,78.91
34.79,78.79
34.07,78.07
34.05,78.05
34.96,78.96
34.53,78.53
34.19,78.19
34.53,78.53
34.14,78.14
34.53,78.53
34.54,79.54
34.21,79.21
34.61,79.61
34.24,79.24
34.34,79.34
34.17,79.17
34.16,79.16
34.13,79.13
34.13,79.13
34.68,79.68
35.19,5.19
35.81,5.8100000000000005
35.27,5.27
35.77,5.77
35.86,5.86
35.03,5.03
35.43,5.43
36.0,6.0
35.57,5.57
35.29,5.29
35.96,10.96
35.64,10.64
35.27,10.27
35.29,10.29
35.32,10.32
35.79,10.79
35.71,10.71
35.32,10.32
35.87,10.87
35.25,10.25
35.93,15.93
35.73,15.73
35.98,15.98
35.63,15.63
35.15,15.15
35.56,15.56
35.68,15.68
35.99,15.99
35.19,15.19
35.36,15.36
35.9,16.9
35.44,16.44
35.99,16.99
36.0,17.0
35.27,16.27
35.48,16.48
35.5,16.5
35.93,16.93
35.16,16.16
35.49,16.49
35.01,22.01
35.91,22.91
35.81,22.81
35.82,22.82
35.53,22.53
35.05,22.05
35.62,22.62
35.96,22.96
35.62,22.62
35.14,22.14
35.1,26.1
35.14,26.14
35.69,26.69
35.45,26.45
35.32,26.32
35.81,26.81
35.85,26.85
35.42,26.42
35.86,26.86
35.51,26.51
35.4,27.4
35.19,27.19
35.56,27.56
35.42,27.42
35.49,27.49
35.21,27.21
35.2,27.2
35.01,27.01
35.61,27.61
35.75,27.75
35.88,41.88
35.55,41.55
35.76,41.76
35.6,41.6
35.95,41.95
35.34,41.34
35.21,41.21
35.28,41.28
35.96,41.96
35.14,41.14
35.1,42.1
35.81,42.81
35.94,42.94
35.78,42.78
35.63,42.63
35.0,42.0
35.38,42.38
35.81,42.81
35.85,42.85
35.32,42.32
35.64,43.64
35.12,43.12
35.73,43.73
36.0,44.0
35.96,43.96
35.17,43.17
35.92,43.92
35.28,43.28
35.14,43.14
35.77,43.77
35.25,54.25
35.8,54.8
35.03,54.03
35.31,54.31
35.54,54.54
35.42,54.42
35.72,54.72
35.13,54.13
35.14,54.14
35.22,54.22
35.45,55.45
35.59,55.59
35.52,55.52
35.61,55.61
35.95,55.95
35.41,55.41
35.69,55.69
35.69,55.69
35.65,55.65
35.11,55.11
35.36,57.36
35.13,57.13
35.87,57.87
35.87,57.87
35.19,57.19
35.46,57.46
35.97,57.97
35.83,57.83
35.04,57.04
35.8,57.8
35.54,65.54
35.89,65.89
35.29,65.29
35.57,65.57
35.55,65.55
35.37,65.37
35.86,65.86
35.81,65.81
35.06,65.06
35.57,65.57
35.91,74.91
35.02,74.02
35.28,74.28
35.2,74.2
35.62,74.62
35.06,74.06
35.42,74.42
35.54,74.54
35.25,74.25
35.4,74.4
35.7,75.7
35.9,75.9
35.67,75.67
35.19,75.19
35.08,75.08
35.21,75.21
35.6,75.6
35.96,75.96
35.37,75.37
35.45,75.45
35.04,76.04
35.99,76.99
35.42,76.42
35.7,76.7
35.36,76.36
35.4,76.4
35.65,76.65
35.08,76.08
35.39,76.39
35.27,76.27
35.55,77.55
35.87,77.87
35.94,77.94
35.67,77.67
35.77,77.77
35.25,77.25
35.46,77.46
35.79,77.79
35.06,77.06
35.38,77.38
36.22,5.22
36.12,5.12
36.1,5.1
36.61,5.61
36.55,5.55
36.45,5.45
36.87,5.87
36.08,5.08
36.13,5.13
36.0,5.0
36.43,6.43
36.01,6.01
36.01,6.01
36.14,6.14
36.83,6.83
36.02,6.02
36.83,6.83
36.27,6.27
36.8,6.8
36.68,6.68
36.13,10.13
36.92,10.92
36.54,10.54
36.47,10.47
36.79,10.79
36.56,10.56
36.03,10.03
36.83,10.83
36.66,10.66
36.5,10.5
36.0,15.0
36.46,15.46
36.01,15.01
36.45,15.45
36.81,15.81
36.88,15.88
36.13,15.13
36.75,15.75
36.19,15.19
36.44,15.44
36.0,22.0
36.21,22.21
36.29,22.29
36.61,22.61
36.37,22.37
36.95,22.95
36.66,22.66
36.81,22.81
36.62,22.62
36.49,22.49
36.4,23.4
36.3,23.3
36.45,23.45
36.13,23.13
36.16,23.16
36.82,23.82
36.94,23.94
36.75,23.75
36.14,23.14
36.52,23.52
36.53,24.53
36.87,24.87
36.89,24.89
36.75,24.75
36.96,24.96
36.34,24.34
36.9,24.9
36.07,24.07
36.02,24.02
36.49,24.49
36.2,25.2
37.0,26.0
36.66,25.66
36.82,25.82
36.77,25.77
36.59,25.59
36.52,25.52
36.72,25.72
36.49,25.49
36.96,25.96
36.67,26.67
36.29,26.29
36.83,26.83
36.3,26.3
36.77,26.77
36.19,26.19
36.03,26.03
36.84,26.84
36.07,26.07
36.83,26.83
36.47,41.47
36.3,41.3
36.57,41.57
36.17,41.17
36.18,41.18
36.97,41.97
36.63,41.63
36.19,41.19
36.71,41.71
36.86,41.86
36.64,47.64
36.12,47.12
37.0,48.0
36.06,47.06
36.89,47.89
36.53,47.53
36.29,47.29
36.43,47.43
36.94,47.94
36.79,47.79
36.43,48.43
36.11,48.11
36.58,48.58
36.25,48.25
36.26,48.26
36.77,48.77
36.63,48.63
36.61,48.61
36.53,48.53
36.21,48.21
36.03,54.03
36.2,54.2
36.9,54.9
36.96,54.96
36.04,54.04
36.07,54.07
36.08,54.08
36.36,54.36
36.59,54.59
36.85,54.85
36.87,57.87
36.74,57.74
36.46,57.46
36.37,57.37
36.82,57.82
36.5,57.5
36.67,57.67
36.88,57.88
36.95,57.95
36.76,57.76
36.79,65.79
36.59,65.59
36.9,65.9
36.4,65.4
36.2,65.2
36.3,65.3
36.86,65.86
36.26,65.26
36.64,65.64
36.47,65.47
36.43,66.43
36.61,66.61
36.82,66.82
36.3,66.3
36.18,66.18
36.3,66.3
36.41,66.41
36.55,66.55
36.97,66.97
36.41,66.41
36.96,67.96
36.95,67.95
36.01,67.01
36.54,67.54
36.8,67.8
36.62,67.62
36.28,67.28
36.83,67.83
36.91,67.91
36.16,67.16
36.56,74.56
36.36,74.36
36.48,74.48
36.48,74.48
36.49,74.49
36.34,74.34
36.44,74.44
36.52,74.52
36.04,74.04
36.17,74.17
37.47,6.47
37.84,6.84
37.77,6.77
37.31,6.31
37.57,6.57
37.51,6.51
37.32,6.32
37.08,6.08
37.4,6.4
37.62,6.62
37.82,7.82
37.93,7.93
37.55,7.55
37.19,7.19
37.5,7.5
38.0,8.0
37.81,7.8100000000000005
37.92,7.92
37.98,7.98
37.83,7.83
37.72,8.72
37.77,8.77
37.06,8.06
37.51,8.51
37.23,8.23
37.96,8.96
37.83,8.83
37.8,8.8
37.33,8.33
37.63,8.63
37.49,9.49
37.97,9.97
37.4,9.4
37.08,9.08
37.69,9.69
37.31,9.31
37.01,9.01
37.01,9.01
37.86,9.86
37.87,9.87
37.29,10.29
37.97,10.97
37.16,10.16
37.42,10.42
37.09,10.09
37.2,10.2
37.06,10.06
37.87,10.87
37.37,10.37
37.97,10.97
37.77,15.77
37.87,15.87
37.13,15.13
37.8,15.8
37.73,15.73
37.2,15.2
37.67,15.67
37.94,15.94
37.05,15.05
37.75,15.75
37.37,41.37
37.83,41.83
37.88,41.88
37.61,41.61
37.63,41.63
37.03,41.03
37.64,41.64
37.36,41.36
37.18,41.18
37.77,41.77
37.29,44.29
38.0,45.0
37.54,44.54
37.55,44.55
37.09,44.09
37.97,44.97
37.65,44.65
37.08,44.08
37.16,44.16
37.41,44.41
37.95,45.95
37.39,45.39
37.87,45.87
37.12,45.12
38.0,46.0
37.6,45.6
37.7,45.7
37.33,45.33
37.12,45.12
37.38,45.38
37.01,46.01
37.4,46.4
37.35,46.35
37.0,46.0
37.67,46.67
37.0,46.0
37.39,46.39
37.01,46.01
37.1,46.1
37.78,46.78
37.55,47.55
37.34,47.34
37.89,47.89
37.9,47.9
37.89,47.89
37.19,47.19
37.95,47.95
37.84,47.84
37.52,47.52
37.54,47.54
37.26,48.26
37.6,48.6
37.47,48.47
37.46,48.46
37.51,48.51
37.52,48.52
37.17,48.17
37.66,48.66
37.54,48.54
37.49,48.49
37.2,51.2
37.78,51.78
37.14,51.14
37.53,51.53
37.19,51.19
37.39,51.39
37.31,51.31
37.27,51.27
37.93,51.93
37.64,51.64
37.72,52.72
37.99,52.99
37.54,52.54
37.52,52.52
37.67,52.67
37.09,52.09
37.92,52.92
37.19,52.19
37.84,52.84
37.42,52.42
37.62,53.62
37.33,53.33
37.53,53.53
37.52,53.52
37.03,53.03
37.01,53.01
37.13,53.13
37.87,53.87
37.74,53.74
37.14,53.14
37.3,54.3
37.44,54.44
37.18,54.18
37.17,54.17
37.22,54.22
37.7,54.7
37.34,54.34
37.83,54.83
37.86,54.86
37.54,54.54
37.53,57.53
37.3,57.3
37.62,57.62
37.72,57.72
37.07,57.07
37.51,57.51
37.33,57.33
37.59,57.59
37.97,57.97
37.47,57.47
37.94,58.94
37.89,58.89
37.07,58.07
37.98,58.98
37.7,58.7
37.88,58.88
37.26,58.26
37.34,58.34
37.86,58.86
37.44,58.44
37.36,59.36
37.69,59.69
37.9,59.9
37.72,59.72
37.57,59.57
37.42,59.42
37.73,59.73
37.16,59.16
37.3,59.3
37.77,59.77
37.95,67.95
37.8,67.8
37.73,67.73
37.99,67.99
37.45,67.45
37.38,67.38
37.08,67.08
37.18,67.18
37.31,67.31
37.9,67.9
37.87,68.87
37.19,68.19
37.77,68.77
37.75,68.75
37.55,68.55
37.44,68.44
37.39,68.39
37.04,68.04
37.39,68.39
37.96,68.96
37.36,69.36
37.3,69.3
37.09,69.09
37.84,69.84
37.73,69.73
37.71,69.71
37.46,69.46
37.4,69.4
37.86,69.86
37.31,69.31
37.26,70.26
37.04,70.04
37.54,70.54
37.84,70.84
37.4,70.4
37.74,70.74
37.33,70.33
37.62,70.62
37.5,70.5
37.63,70.63
37.36,71.36
37.15,71.15
37.43,71.43
37.18,71.18
37.32,71.32
37.95,71.95
37.86,71.86
37.76,71.76
37.64,71.64
37.59,71.59
37.08,72.08
37.43,72.43
37.44,72.44
37.24,72.24
37.71,72.71
37.2,72.2
37.66,72.66
37.51,72.51
37.26,72.26
37.68,72.68
37.53,73.53
37.67,73.67
37.42,73.42
37.61,73.61
37.74,73.74
37.52,73.52
37.82,73.82
37.94,73.94
37.78,73.78
37.16,73.16
37.21,74.21
37.04,74.04
37.38,74.38
37.6,74.6
37.05,74.05
37.47,74.47
37.91,74.91
37.34,74.34
37.61,74.61
37.7,74.7
38.2,15.2
38.92,15.92
38.64,15.64
38.94,15.94
38.38,15.38
38.0,15.0
38.3,15.3
38.81,15.81
38.83,15.83
38.12,15.12
38.01,41.01
38.84,41.84
38.52,41.52
38.24,41.24
38.47,41.47
38.65,41.65
38.92,41.92
38.89,41.89
38.35,41.35
38.74,41.74
38.25,42.25
38.15,42.15
38.72,42.72
38.62,42.62
38.01,42.01
38.05,42.05
38.34,42.34
38.74,42.74
38.75,42.75
38.21,42.21
38.77,43.77
38.54,43.54
38.0,43.0
38.78,43.78
38.27,43.27
38.03,43.03
38.58,43.58
38.12,43.12
38.58,43.58
38.45,43.45
38.5,44.5
38.36,44.36
38.1,44.1
38.98,44.98
38.7,44.7
38.05,44.05
38.05,44.05
38.8,44.8
38.43,44.43
38.26,44.26
38.9,48.9
38.77,48.77
38.36,48.36
38.75,48.75
38.18,48.18
38.79,48.79
38.54,48.54
38.06,48.06
38.62,48.62
38.39,48.39
39.0,50.0
38.46,49.46
38.68,49.68
38.68,49.68
38.41,49.41
38.91,49.91
38.42,49.42
38.4,49.4
38.64,49.64
38.82,49.82
38.73,50.73
38.76,50.76
38.09,50.09
38.47,50.47
39.0,51.0
38.11,50.11
38.22,50.22
38.64,50.64
38.0,50.0
38.66,50.66
38.49,51.49
38.82,51.82
38.75,51.75
38.22,51.22
38.33,51.33
38.89,51.89
38.86,51.86
38.07,51.07
38.18,51.18
38.19,51.19
38.76,59.76
38.05,59.05
38.56,59.56
38.03,59.03
38.23,59.23
38.34,59.34
38.01,59.01
38.84,59.84
38.11,59.11
38.44,59.44
39.09,15.09
39.37,15.37
39.21,15.21
39.83,15.83
39.94,15.94
39.66,15.66
39.62,15.62
39.51,15.51
39.78,15.78
39.77,15.77
39.41,17.41
39.77,17.77
39.34,17.34
39.78,17.78
39.01,17.01
39.61,17.61
39.41,17.41
40.0,18.0
39.85,17.85
39.37,17.37
39.05,59.05
39.88,59.88
39.53,59.53
39.22,59.22
39.87,59.87
39.87,59.87
39.56,59.56
39.11,59.11
39.18,59.18
39.85,59.85
40.4,15.4
40.29,15.29
40.31,15.31
40.63,15.63
40.22,15.22
40.4,15.4
40.82,15.82
40.97,15.97
40.83,15.83
40.84,15.84
40.41,16.41
40.81,16.81
40.94,16.94
40.15,16.15
40.99,16.99
40.89,16.89
40.15,16.15
40.62,16.62
40.01,16.01
40.88,16.88
40.58,17.58
40.74,17.74
40.85,17.85
40.72,17.72
40.29,17.29
40.67,17.67
40.61,17.61
41.0,18.0
40.2,17.2
40.86,17.86
40.48,18.48
40.39,18.39
40.18,18.18
40.94,18.94
40.59,18.59
40.05,18.05
40.46,18.46
40.31,18.31
40.63,18.63
40.59,18.59
40.78,28.78
40.94,28.94
40.16,28.16
40.66,28.66
40.03,28.03
40.75,28.75
40.72,28.72
40.71,28.71
40.56,28.56
40.16,28.16
40.02,29.02
40.47,29.47
40.0,29.0
40.74,29.74
40.49,29.49
40.12,29.12
40.2,29.2
40.81,29.81
40.31,29.31
40.87,29.87
40.76,30.76
40.18,30.18
40.17,30.17
40.08,30.08
40.43,30.43
40.41,30.41
40.15,30.15
40.41,30.41
40.37,30.37
40.55,30.55
40.5,57.5
40.79,57.79
40.11,57.11
40.53,57.53
40.25,57.25
40.9,57.9
40.44,57.44
40.4,57.4
40.44,57.44
40.52,57.52
40.81,58.81
40.97,58.97
40.16,58.16
40.21,58.21
40.47,58.47
40.19,58.19
40.23,58.23
40.33,58.33
40.45,58.45
40.33,58.33
40.61,59.61
40.42,59.42
40.75,59.75
40.64,59.64
40.31,59.31
40.05,59.05
40.43,59.43
40.82,59.82
40.72,59.72
40.44,59.44
41.56,18.56
41.46,18.46
41.95,18.95
41.3,18.3
41.0,18.0
41.69,18.69
41.31,18.31
41.94,18.94
41.55,18.55
41.64,18.64
41.93,26.93
41.83,26.83
41.16,26.16
41.65,26.65
41.56,26.56
41.57,26.57
41.66,26.66
41.84,26.84
41.67,26.67
41.73,26.73
41.34,27.34
41.22,27.22
41.64,27.64
41.1,27.1
41.2,27.2
41.69,27.69
41.84,27.84
41.57,27.57
41.78,27.78
41.03,27.03
41.5,28.5
41.85,28.85
41.95,28.95
41.72,28.72
41.91,28.91
41.22,28.22
41.04,28.04
41.67,28.67
41.61,28.61
41.7,28.7
41.39,30.39
41.07,30.07
41.94,30.94
41.4,30.4
41.7,30.7
41.05,30.05
41.41,30.41
41.81,30.81
41.5,30.5
41.46,30.46
41.56,31.56
41.6,31.6
41.01,31.01
41.98,31.98
41.45,31.45
41.02,31.02
41.88,31.88
41.53,31.53
41.3,31.3
41.42,31.42
41.42,32.42
41.61,32.61
41.98,32.98
41.88,32.88
41.03,32.03
41.32,32.32
41.42,32.42
41.66,32.66
41.33,32.33
41.86,32.86
41.0,33.0
41.27,33.27
41.8,33.8
41.34,33.34
41.66,33.66
41.22,33.22
41.52,33.52
41.33,33.33
41.12,33.12
41.61,33.61
41.87,34.87
41.16,34.16
41.53,34.53
41.6,34.6
41.08,34.08
41.6,34.6
41.69,34.69
41.54,34.54
41.52,34.52
41.01,34.01
41.3,39.3
41.48,39.48
41.09,39.09
41.71,39.71
41.91,39.91
41.91,39.91
41.68,39.68
41.05,39.05
41.25,39.25
41.04,39.04
41.7,40.7
41.07,40.07
41.12,40.12
41.47,40.47
41.22,40.22
41.21,40.21
41.88,40.88
41.01,40.01
41.11,40.11
41.32,40.32
41.55,41.55
41.7,41.7
41.93,41.93
41.56,41.56
41.32,41.32
41.11,41.11
41.88,41.88
41.81,41.81
41.73,41.73
41.85,41.85
41.0,42.0
41.02,42.02
41.13,42.13
41.37,42.37
41.49,42.49
41.85,42.85
41.84,42.84
41.3,42.3
41.56,42.56
42.0,43.0
41.79,43.79
41.21,43.21
41.19,43.19
41.29,43.29
41.67,43.67
41.61,43.61
41.4,43.4
41.89,43.89
41.99,43.99
41.34,43.34
41.84,44.84
41.68,44.68
41.43,44.43
41.12,44.12
41.17,44.17
41.62,44.62
41.89,44.89
41.51,44.51
41.97,44.97
41.25,44.25
41.92,45.92
41.26,45.26
41.95,45.95
41.92,45.92
41.21,45.21
41.06,45.06
41.12,45.12
41.06,45.06
41.98,45.98
41.61,45.61
41.55,47.55
41.46,47.46
41.46,47.46
41.45,47.45
41.99,47.99
41.06,47.06
41.98,47.98
41.64,47.64
41.33,47.33
41.57,47.57
41.2,48.2
41.94,48.94
41.23,48.23
41.26,48.26
41.81,48.81
41.03,48.03
41.22,48.22
41.27,48.27
41.26,48.26
41.59,48.59
41.91,49.91
41.74,49.74
41.22,49.22
41.1,49.1
41.53,49.53
41.55,49.55
42.0,50.0
41.16,49.16
41.24,49.24
41.86,49.86
41.03,50.03
41.33,50.33
41.42,50.42
41.69,50.69
41.29,50.29
41.84,50.84
41.54,50.54
41.71,50.71
41.58,50.58
41.09,50.09
41.06,57.06
41.22,57.22
41.4,57.4
41.98,57.98
41.45,57.45
41.03,57.03
41.15,57.15
41.09,57.09
41.59,57.59
41.56,57.56
42.81,18.81
42.49,18.49
42.28,18.28
42.04,18.04
42.61,18.61
42.38,18.38
42.07,18.07
42.63,18.63
42.74,18.74
42.82,18.82
42.56,19.56
42.86,19.86
42.88,19.88
42.07,19.07
42.07,19.07
42.28,19.28
42.52,19.52
42.6,19.6
42.87,19.87
42.15,19.15
42.87,23.87
42.06,23.06
42.49,23.49
42.49,23.49
42.82,23.82
42.5,23.5
42.87,23.87
42.74,23.74
43.0,24.0
42.28,23.28
42.87,24.87
42.53,24.53
42.12,24.12
42.59,24.59
43.0,25.0
42.73,24.73
42.59,24.59
42.99,24.99
42.5,24.5
42.63,24.63
42.39,25.39
42.3,25.3
42.19,25.19
42.01,25.01
42.13,25.13
42.93,25.93
42.55,25.55
42.39,25.39
42.95,25.95
42.21,25.21
42.76,26.76
42.27,26.27
42.27,26.27
42.02,26.02
42.68,26.68
42.84,26.84
42.34,26.34
42.2,26.2
42.76,26.76
42.91,26.91
42.93,27.93
42.13,27.13
42.91,27.91
42.8,27.8
42.59,27.59
42.78,27.78
42.19,27.19
42.64,27.64
42.04,27.04
42.05,27.05
42.25,34.25
42.42,34.42
42.62,34.62
42.89,34.89
42.2,34.2
42.81,34.81
42.3,34.3
42.51,34.51
42.44,34.44
42.99,34.99
42.87,35.87
42.75,35.75
42.03,35.03
42.89,35.89
42.58,35.58
42.61,35.61
42.42,35.42
42.99,35.99
42.68,35.68
42.98,35.98
42.55,36.55
42.56,36.56
42.93,36.93
42.29,36.29
42.41,36.41
42.68,36.68
42.09,36.09
42.76,36.76
42.4,36.4
42.31,36.31
42.32,37.32
42.26,37.26
42.42,37.42
42.03,37.03
42.32,37.32
42.11,37.11
42.35,37.35
42.99,37.99
42.07,37.07
42.66,37.66
42.14,38.14
42.52,38.52
42.26,38.26
42.19,38.19
42.86,38.86
42.83,38.83
42.89,38.89
42.34,38.34
42.74,38.74
42.4,38.4
42.08,39.08
42.5,39.5
42.41,39.41
42.2,39.2
42.88,39.88
42.86,39.86
42.16,39.16
42.16,39.16
42.57,39.57
42.71,39.71
42.25,41.25
42.74,41.74
42.58,41.58
42.11,41.11
42.24,41.24
42.96,41.96
42.67,41.67
42.96,41.96
42.34,41.34
42.24,41.24
42.84,42.84
42.41,42.41
42.55,42.55
42.37,42.37
42.29,42.29
42.64,42.64
42.97,42.97
42.09,42.09
42.81,42.81
42.9,42.9
42.97,43.97
42.16,43.16
42.04,43.04
42.66,43.66
42.47,43.47
42.31,43.31
42.83,43.83
42.01,43.01
42.4,43.4
42.0,43.0
42.45,44.45
42.68,44.68
42.94,44.94
42.43,44.43
42.34,44.34
42.96,44.96
42.31,44.31
42.77,44.77
42.89,44.89
42.74,44.74
42.44,45.44
42.22,45.22
42.51,45.51
42.56,45.56
42.85,45.85
42.38,45.38
42.35,45.35
42.19,45.19
42.0,45.0
42.04,45.04
42.16,46.16
42.69,46.69
43.0,47.0
42.19,46.19
42.1,46.1
42.86,46.86
42.01,46.01
42.99,46.99
42.79,46.79
42.87,46.87
42.42,47.42
42.36,47.36
42.26,47.26
42.58,47.58
42.03,47.03
42.14,47.14
42.7,47.7
42.31,47.31
42.37,47.37
42.31,47.31
42.6,50.6
42.92,50.92
42.07,50.07
42.08,50.08
42.41,50.41
42.33,50.33
42.41,50.41
42.71,50.71
42.8,50.8
42.09,50.09
42.84,51.84
42.97,51.97
42.88,51.88
42.69,51.69
42.89,51.89
42.52,51.52
42.7,51.7
42.96,51.96
42.65,51.65
42.14,51.14
42.89,52.89
42.78,52.78
42.34,52.34
42.56,52.56
42.8,52.8
42.68,52.68
42.85,52.85
42.54,52.54
42.4,52.4
42.84,52.84
42.77,53.77
42.33,53.33
42.95,53.95
42.98,53.98
42.65,53.65
42.33,53.33
42.86,53.86
42.5,53.5
42.88,53.88
42.95,53.95
42.54,54.54
42.45,54.45
42.18,54.18
42.11,54.11
42.94,54.94
42.78,54.78
42.3,54.3
42.3,54.3
42.1,54.1
42.06,54.06
42.12,55.12
42.87,55.87
42.78,55.78
42.0,55.0
42.12,55.12
42.71,55.71
42.41,55.41
42.99,55.99
42.1,55.1
42.51,55.51
42.54,56.54
42.76,56.76
42.67,56.67
42.17,56.17
42.46,56.46
42.55,56.55
42.52,56.52
42.28,56.28
42.47,56.47
42.64,56.64
42.64,57.64
42.78,57.78
42.33,57.33
42.59,57.59
42.34,57.34
42.37,57.37
42.03,57.03
42.15,57.15
42.89,57.89
42.45,57.45
43.07,19.07
43.27,19.27
43.08,19.08
43.7,19.7
43.42,19.42
43.47,19.47
43.76,19.76
43.14,19.14
43.89,19.89
43.46,19.46
43.49,20.49
43.87,20.87
43.15,20.15
43.82,20.82
43.47,20.47
43.3,20.3
43.27,20.27
43.98,20.98
43.3,20.3
43.74,20.74
43.18,21.18
43.23,21.23
43.07,21.07
43.88,21.88
43.93,21.93
43.44,21.44
43.17,21.17
43.41,21.41
43.89,21.89
43.56,21.56
43.52,22.52
43.46,22.46
43.59,22.59
43.63,22.63
43.53,22.53
43.63,22.63
43.68,22.68
43.82,22.82
43.67,22.67
43.39,22.39
43.2,23.2
43.49,23.49
43.56,23.56
43.57,23.57
43.1,23.1
43.35,23.35
43.62,23.62
43.32,23.32
43.56,23.56
43.33,23.33
