1.47,13.47
1.53,13.53
1.37,13.37
1.1400000000000001,13.14
1.11,13.11
1.05,13.05
1.32,13.32
1.85,13.85
1.04,13.04
1.45,13.45
1.22,14.22
1.6099999999999999,14.61
1.75,14.75
1.94,14.94
1.92,14.92
1.17,14.17
1.77,14.77
1.26,14.26
1.71,14.71
1.35,14.35
1.4,15.4
1.44,15.44
1.74,15.74
1.73,15.73
1.98,15.98
1.45,15.45
1.16,15.16
1.09,15.09
1.44,15.44
1.62,15.62
1.8,67.8
1.5899999999999999,67.59
1.73,67.73
1.79,67.79
1.2,67.2
2.0,68.0
1.58,67.58
1.98,67.98
1.26,67.26
1.8199999999999998,67.82
1.6600000000000001,68.66
1.07,68.07
1.74,68.74
1.65,68.65
1.97,68.97
1.85,68.85
1.6400000000000001,68.64
1.76,68.76
1.27,68.27
1.46,68.46
2.0,70.0
1.97,69.97
1.54,69.54
1.35,69.35
1.9100000000000001,69.91
1.28,69.28
1.25,69.25
1.52,69.52
1.47,69.47
1.42,69.42
1.94,70.94
1.2,70.2
1.18,70.18
1.8,70.8
1.87,70.87
1.6400000000000001,70.64
1.99,70.99
1.42,70.42
1.11,70.11
1.53,70.53
1.48,73.48
1.92,73.92
1.43,73.43
1.33,73.33
1.7,73.7
1.72,73.72
1.78,73.78
1.8399999999999999,73.84
1.38,73.38
1.09,73.09
1.04,74.04
1.62,74.62
1.34,74.34
1.5899999999999999,74.59
1.0,74.0
1.56,74.56
1.24,74.24
1.55,74.55
1.8,74.8
1.4,74.4
1.73,75.73
1.6800000000000002,75.68
1.6,75.6
1.3900000000000001,75.39
1.8900000000000001,75.89
1.3900000000000001,75.39
1.69,75.69
1.8399999999999999,75.84
1.53,75.53
1.6400000000000001,75.64
1.18,76.18
1.6400000000000001,76.64
1.1,76.1
1.0,76.0
1.49,76.49
1.5899999999999999,76.59
1.5899999999999999,76.59
1.05,76.05
1.8199999999999998,76.82
1.45,76.45
1.08,77.08
1.65,77.65
1.71,77.71
1.54,77.54
1.6099999999999999,77.61
1.6,77.6
1.71,77.71
1.53,77.53
1.65,77.65
1.58,77.58
2.34,5.34
2.87,5.87
2.87,5.87
2.24,5.24
3.0,6.0
2.87,5.87
2.94,5.9399999999999995
2.2,5.2
2.76,5.76
2.6,5.6
2.14,6.14
2.04,6.04
2.04,6.04
2.5,6.5
2.88,6.88
2.7800000000000002,6.78
2.7199999999999998,6.72
2.12,6.12
2.84,6.84
2.25,6.25
2.3,10.3
2.84,10.84
2.91,10.91
2.29,10.29
2.16,10.16
2.25,10.25
2.9,10.9
2.88,10.88
2.73,10.73
2.96,10.96
2.88,12.88
2.51,12.51
2.71,12.71
2.14,12.14
2.34,12.34
2.48,12.48
2.5300000000000002,12.53
2.43,12.43
2.46,12.46
2.69,12.69
2.77,13.77
2.9699999999999998,13.97
2.83,13.83
2.79,13.79
2.73,13.73
2.35,13.35
2.5,13.5
2.89,13.89
2.82,13.82
2.03,13.03
2.36,15.36
2.7199999999999998,15.72
2.66,15.66
2.12,15.12
2.91,15.91
2.01,15.01
2.71,15.71
2.64,15.64
2.83,15.83
2.62,15.62
2.63,22.63
2.56,22.56
2.5300000000000002,22.53
2.0,22.0
2.54,22.54
2.37,22.37
2.09,22.09
2.65,22.65
2.5300000000000002,22.53
2.26,22.26
2.5300000000000002,23.53
2.92,23.92
2.46,23.46
2.9,23.9
2.36,23.36
2.64,23.64
2.04,23.04
2.08,23.08
2.76,23.76
2.05,23.05
2.11,24.11
2.77,24.77
2.63,24.63
2.2800000000000002,24.28
2.7800000000000002,24.78
2.96,24.96
2.35,24.35
2.2800000000000002,24.28
2.87,24.87
2.13,24.13
2.7800000000000002,25.78
2.08,25.08
2.08,25.08
2.56,25.56
2.54,25.54
2.38,25.38
2.76,25.76
2.62,25.62
2.33,25.33
2.34,25.34
2.31,26.31
2.61,26.61
2.91,26.91
2.07,26.07
2.21,26.21
2.98,26.98
2.88,26.88
2.32,26.32
2.11,26.11
2.48,26.48
2.1,56.1
2.14,56.14
2.81,56.81
2.92,56.92
2.74,56.74
2.15,56.15
2.14,56.14
2.21,56.21
2.56,56.56
2.87,56.87
2.95,57.95
2.21,57.21
2.0,57.0
2.66,57.66
2.25,57.25
2.49,57.49
2.23,57.23
2.14,57.14
2.61,57.61
2.39,57.39
2.25,70.25
2.57,70.57
2.59,70.59
2.5300000000000002,70.53
2.26,70.26
2.76,70.76
2.59,70.59
2.4699999999999998,70.47
2.88,70.88
2.58,70.58
2.2,71.2
2.24,71.24
2.05,71.05
2.1,71.1
2.93,71.93
2.34,71.34
2.71,71.71
2.82,71.82
2.5,71.5
2.23,71.23
2.07,72.07
2.01,72.01
2.24,72.24
2.82,72.82
2.63,72.63
2.89,72.89
2.7800000000000002,72.78
2.54,72.54
2.31,72.31
2.16,72.16
2.08,73.08
2.94,73.94
2.17,73.17
2.11,73.11
2.1,73.1
2.49,73.49
2.27,73.27
2.83,73.83
2.4699999999999998,73.47
2.64,73.64
2.45,77.45
2.85,77.85
2.51,77.51
2.29,77.29
2.7800000000000002,77.78
2.99,77.99
2.39,77.39
2.19,77.19
2.16,77.16
2.99,77.99
2.44,79.44
2.85,79.85
2.71,79.71
2.45,79.45
2.71,79.71
2.65,79.65
2.61,79.61
2.86,79.86
2.56,79.56
2.99,79.99
2.63,80.63
2.92,80.92
2.71,80.71
2.58,80.58
2.67,80.67
2.7800000000000002,80.78
2.05,80.05
2.27,80.27
2.2,80.2
2.32,80.32
3.21,1.21
3.08,1.08
3.34,1.34
3.48,1.48
3.85,1.85
3.88,1.88
3.33,1.33
3.4699999999999998,1.47
3.83,1.83
3.49,1.49
3.8,2.8
3.27,2.27
3.56,2.56
3.63,2.63
3.51,2.51
3.39,2.39
3.55,2.55
3.11,2.11
3.85,2.85
3.79,2.79
3.7199999999999998,3.7199999999999998
3.45,3.45
3.95,3.95
3.8,3.8
3.5300000000000002,3.5300000000000002
3.69,3.69
3.41,3.41
3.61,3.61
3.32,3.32
3.7,3.7
3.99,4.99
3.69,4.6899999999999995
3.34,4.34
3.06,4.06
3.03,4.03
3.24,4.24
3.26,4.26
3.02,4.02
3.58,4.58
3.09,4.09
3.13,5.13
3.12,5.12
3.9699999999999998,5.97
3.7800000000000002,5.78
3.1,5.1
3.61,5.61
3.39,5.39
3.0,5.0
3.9699999999999998,5.97
3.36,5.36
3.65,7.65
3.38,7.38
3.12,7.12
3.56,7.5600000000000005
3.15,7.15
3.7,7.7
3.64,7.64
3.07,7.07
3.75,7.75
3.7,7.7
3.5300000000000002,8.53
3.73,8.73
3.52,8.52
3.98,8.98
3.2800000000000002,8.28
3.49,8.49
3.52,8.52
3.91,8.91
3.01,8.01
3.03,8.03
3.34,9.34
3.69,9.69
3.09,9.09
3.27,9.27
3.06,9.06
3.4699999999999998,9.47
3.32,9.32
3.86,9.86
3.58,9.58
3.89,9.89
3.88,10.88
3.41,10.41
3.0,10.0
3.71,10.71
3.75,10.75
3.2,10.2
3.83,10.83
3.7800000000000002,10.78
3.4699999999999998,10.47
3.33,10.33
3.55,15.55
3.88,15.88
3.87,15.87
3.39,15.39
3.76,15.76
3.36,15.36
3.64,15.64
3.12,15.12
3.37,15.37
3.58,15.58
3.67,22.67
3.02,22.02
3.23,22.23
3.83,22.83
3.13,22.13
3.64,22.64
3.99,22.99
3.5,22.5
3.51,22.51
3.17,22.17
3.42,27.42
3.39,27.39
3.36,27.36
3.2800000000000002,27.28
3.13,27.13
3.5,27.5
3.19,27.19
3.71,27.71
3.83,27.83
3.77,27.77
4.0,29.0
3.96,28.96
3.16,28.16
3.1,28.1
3.09,28.09
3.03,28.03
3.68,28.68
3.04,28.04
3.2,28.2
3.62,28.62
3.44,29.44
3.69,29.69
3.94,29.94
3.51,29.51
3.4699999999999998,29.47
3.89,29.89
3.76,29.76
3.4,29.4
3.76,29.76
3.23,29.23
3.86,30.86
3.74,30.74
3.74,30.74
3.56,30.56
3.14,30.14
3.57,30.57
3.27,30.27
3.94,30.94
3.79,30.79
3.04,30.04
3.9699999999999998,47.97
3.1,47.1
3.67,47.67
3.4,47.4
3.75,47.75
3.66,47.66
3.08,47.08
3.77,47.77
3.43,47.43
3.1,47.1
3.79,48.79
3.99,48.99
3.65,48.65
3.17,48.17
3.03,48.03
3.38,48.38
3.24,48.24
3.67,48.67
3.7800000000000002,48.78
3.64,48.64
3.5300000000000002,49.53
3.26,49.26
3.6,49.6
3.12,49.12
3.08,49.08
3.9699999999999998,49.97
3.81,49.81
3.11,49.11
3.02,49.02
3.58,49.58
3.1,50.1
3.27,50.27
3.1,50.1
4.0,51.0
3.61,50.61
3.25,50.25
3.89,50.89
3.05,50.05
3.35,50.35
3.87,50.87
3.27,51.27
3.31,51.31
3.81,51.81
3.95,51.95
3.25,51.25
3.83,51.83
3.02,51.02
3.25,51.25
3.83,51.83
3.38,51.38
3.9699999999999998,57.97
3.26,57.26
3.42,57.42
3.18,57.18
3.96,57.96
3.25,57.25
3.96,57.96
3.46,57.46
3.63,57.63
3.32,57.32
3.9699999999999998,67.97
3.15,67.15
3.4699999999999998,67.47
3.69,67.69
3.84,67.84
3.66,67.66
3.91,67.91
3.34,67.34
3.95,67.95
3.12,67.12
3.89,80.89
3.09,80.09
3.1,80.1
3.68,80.68
3.7199999999999998,80.72
3.01,80.01
3.3,80.3
3.9699999999999998,80.97
3.69,80.69
3.85,80.85
4.54,1.54
4.55,1.55
4.41,1.41
4.9,1.9
4.82,1.8199999999999998
4.9399999999999995,1.94
4.83,1.83
4.44,1.44
4.64,1.6400000000000001
4.8,1.8
4.63,15.63
4.98,15.98
4.15,15.15
4.34,15.34
4.87,15.87
4.14,15.14
4.4,15.4
4.09,15.09
4.12,15.12
4.24,15.24
4.83,20.83
4.08,20.08
4.6899999999999995,20.69
4.92,20.92
4.74,20.74
4.66,20.66
4.48,20.48
4.83,20.83
4.57,20.57
4.93,20.93
4.47,30.47
4.77,30.77
4.15,30.15
4.51,30.51
4.65,30.65
4.01,30.01
4.68,30.68
4.24,30.24
4.07,30.07
4.03,30.03
4.89,47.89
4.9,47.9
4.43,47.43
4.7,47.7
4.14,47.14
4.88,47.88
4.75,47.75
4.8,47.8
4.14,47.14
4.7,47.7
4.97,51.97
4.55,51.55
4.36,51.36
4.2,51.2
4.2,51.2
4.34,51.34
4.78,51.78
4.89,51.89
4.26,51.26
4.52,51.52
4.96,56.96
4.1,56.1
4.85,56.85
4.66,56.66
4.43,56.43
4.89,56.89
4.58,56.58
4.8100000000000005,56.81
4.78,56.78
4.36,56.36
4.4,57.4
4.15,57.15
4.58,57.58
4.65,57.65
4.03,57.03
4.2,57.2
4.72,57.72
4.65,57.65
4.38,57.38
4.74,57.74
4.15,64.15
4.14,64.14
4.02,64.02
4.32,64.32
4.09,64.09
4.32,64.32
4.8100000000000005,64.81
4.66,64.66
4.3,64.3
4.1,64.1
4.18,65.18
4.7,65.7
4.11,65.11
4.62,65.62
4.46,65.46
4.38,65.38
4.09,65.09
4.6899999999999995,65.69
4.05,65.05
4.45,65.45
4.26,66.26
4.55,66.55
4.1,66.1
4.59,66.59
4.66,66.66
4.62,66.62
4.16,66.16
4.93,66.93
4.0,66.0
4.04,66.04
4.6899999999999995,67.69
4.28,67.28
4.54,67.54
4.05,67.05
4.51,67.51
4.42,67.42
4.09,67.09
4.14,67.14
4.21,67.21
4.74,67.74
4.34,80.34
4.58,80.58
4.9,80.9
4.12,80.12
4.43,80.43
4.8,80.8
4.75,80.75
4.61,80.61
4.05,80.05
4.35,80.35
5.93,1.9300000000000002
5.85,1.85
5.72,1.72
5.16,1.16
5.04,1.04
5.29,1.29
5.62,1.62
5.67,1.67
5.4,1.4
5.75,1.75
5.35,2.35
5.99,2.99
5.92,2.92
5.53,2.5300000000000002
5.13,2.13
5.64,2.64
5.0,2.0
5.73,2.73
5.11,2.11
5.19,2.19
5.19,15.19
5.66,15.66
5.93,15.93
5.63,15.63
5.86,15.86
5.92,15.92
5.97,15.97
5.57,15.57
5.58,15.58
5.11,15.11
5.61,16.61
5.07,16.07
5.54,16.54
5.5,16.5
5.0,16.0
5.47,16.47
5.88,16.88
5.63,16.63
5.6,16.6
5.23,16.23
5.62,17.62
5.71,17.71
5.93,17.93
5.23,17.23
5.24,17.24
5.59,17.59
5.2,17.2
5.42,17.42
5.83,17.83
5.18,17.18
5.17,20.17
5.34,20.34
5.02,20.02
5.86,20.86
6.0,21.0
5.39,20.39
5.26,20.26
5.32,20.32
5.82,20.82
5.43,20.43
5.07,30.07
5.73,30.73
5.55,30.55
5.4,30.4
5.24,30.24
5.13,30.13
5.2,30.2
5.12,30.12
5.43,30.43
5.78,30.78
5.07,43.07
5.64,43.64
5.5600000000000005,43.56
5.9,43.9
5.09,43.09
5.39,43.39
5.12,43.12
5.74,43.74
5.99,43.99
5.25,43.25
5.13,45.13
5.67,45.67
5.38,45.38
5.66,45.66
5.79,45.79
5.89,45.89
5.4,45.4
5.98,45.98
5.55,45.55
5.8,45.8
5.66,46.66
5.62,46.62
5.83,46.83
5.11,46.11
5.37,46.37
5.48,46.48
5.0,46.0
5.39,46.39
5.68,46.68
5.7,46.7
5.79,47.79
5.09,47.09
5.49,47.49
5.28,47.28
5.3,47.3
5.64,47.64
5.78,47.78
5.77,47.77
5.92,47.92
5.89,47.89
5.08,51.08
5.47,51.47
5.92,51.92
5.45,51.45
5.62,51.62
5.73,51.73
5.39,51.39
5.06,51.06
5.13,51.13
5.6,51.6
5.48,52.48
5.41,52.41
5.36,52.36
5.2,52.2
5.58,52.58
5.82,52.82
5.3,52.3
5.92,52.92
5.49,52.49
5.37,52.37
5.91,53.91
5.14,53.14
5.43,53.43
5.48,53.48
5.11,53.11
5.41,53.41
5.9399999999999995,53.94
5.14,53.14
5.0,53.0
5.73,53.73
5.99,56.99
6.0,57.0
5.44,56.44
5.68,56.68
5.12,56.12
5.5,56.5
5.75,56.75
5.77,56.77
5.92,56.92
5.13,56.13
5.75,64.75
5.03,64.03
5.31,64.31
5.25,64.25
5.24,64.24
5.67,64.67
5.26,64.26
5.41,64.41
5.75,64.75
5.2,64.2
5.8100000000000005,81.81
5.91,81.91
5.13,81.13
5.71,81.71
5.75,81.75
5.39,81.39
5.49,81.49
5.44,81.44
5.84,81.84
5.55,81.55
6.75,2.75
6.79,2.79
6.32,2.32
6.14,2.14
6.92,2.92
6.24,2.24
6.03,2.03
6.92,2.92
6.35,2.35
6.77,2.77
6.21,5.21
6.41,5.41
6.93,5.93
6.6899999999999995,5.6899999999999995
6.12,5.12
6.5,5.5
6.01,5.01
6.46,5.46
6.63,5.63
7.0,6.0
6.27,6.27
6.51,6.51
6.42,6.42
6.9399999999999995,6.9399999999999995
6.04,6.04
6.1,6.1
6.35,6.35
6.59,6.59
6.86,6.86
6.64,6.64
6.68,7.68
6.02,7.02
6.27,7.27
6.54,7.54
6.38,7.38
6.88,7.88
6.32,7.32
6.86,7.86
6.29,7.29
6.32,7.32
6.66,8.66
6.13,8.13
6.54,8.54
6.87,8.87
6.2,8.2
6.46,8.46
6.21,8.21
6.4,8.4
6.27,8.27
6.37,8.37
6.13,13.13
6.47,13.47
6.31,13.31
6.39,13.39
6.04,13.04
6.36,13.36
6.6899999999999995,13.69
6.44,13.44
6.33,13.33
6.83,13.83
6.83,14.83
6.79,14.79
6.78,14.78
6.54,14.54
6.47,14.47
6.8100000000000005,14.81
6.04,14.04
6.5,14.5
6.37,14.37
6.09,14.09
6.65,15.65
6.68,15.68
6.38,15.38
6.03,15.03
6.43,15.43
6.21,15.21
6.97,15.97
6.06,15.06
6.68,15.68
6.63,15.63
6.79,17.79
6.83,17.83
6.05,17.05
6.4,17.4
6.79,17.79
6.07,17.07
6.06,17.06
6.62,17.62
6.35,17.35
6.73,17.73
6.07,18.07
6.58,18.58
6.21,18.21
6.8,18.8
6.93,18.93
6.54,18.54
6.66,18.66
6.43,18.43
6.19,18.19
6.72,18.72
6.5600000000000005,19.56
6.05,19.05
6.33,19.33
6.73,19.73
6.65,19.65
6.9,19.9
6.98,19.98
6.48,19.48
6.79,19.79
6.9,19.9
6.36,20.36
6.98,20.98
6.33,20.33
6.76,20.76
6.33,20.33
6.09,20.09
6.6899999999999995,20.69
6.41,20.41
6.61,20.61
6.77,20.77
6.72,21.72
6.87,21.87
6.57,21.57
6.41,21.41
6.28,21.28
6.17,21.17
6.13,21.13
6.45,21.45
6.74,21.74
6.67,21.67
6.36,22.36
6.18,22.18
6.55,22.55
6.29,22.29
6.47,22.47
6.51,22.51
6.27,22.27
6.99,22.99
7.0,23.0
6.87,22.87
6.79,30.79
6.38,30.38
6.75,30.75
6.95,30.95
6.57,30.57
6.65,30.65
6.84,30.84
6.87,30.87
6.33,30.33
6.17,30.17
6.15,43.15
6.93,43.93
7.0,44.0
6.88,43.88
6.42,43.42
6.06,43.06
6.45,43.45
6.06,43.06
6.48,43.48
6.16,43.16
6.8,53.8
6.37,53.37
6.68,53.68
6.01,53.01
6.09,53.09
6.55,53.55
6.08,53.08
6.52,53.52
6.72,53.72
6.38,53.38
6.28,56.28
6.59,56.59
6.39,56.39
6.08,56.08
6.1,56.1
6.43,56.43
6.86,56.86
6.51,56.51
6.43,56.43
6.21,56.21
6.21,64.21
6.43,64.43
6.68,64.68
6.26,64.26
6.91,64.91
6.52,64.52
6.59,64.59
6.8,64.8
6.38,64.38
6.9399999999999995,64.94
6.99,81.99
6.68,81.68
6.09,81.09
6.25,81.25
6.59,81.59
6.68,81.68
6.57,81.57
6.1,81.1
6.54,81.54
6.31,81.31
7.11,2.11
7.43,2.43
7.99,2.99
7.52,2.52
7.95,2.95
7.47,2.4699999999999998
7.96,2.96
7.61,2.61
7.85,2.85
7.7,2.7
7.11,3.11
7.5,3.5
7.85,3.85
7.82,3.82
7.83,3.83
7.96,3.96
7.77,3.77
7.92,3.92
7.48,3.48
7.53,3.5300000000000002
7.5,4.5
7.09,4.09
7.22,4.22
7.06,4.06
7.77,4.77
7.0,4.0
7.77,4.77
7.03,4.03
7.0,4.0
7.22,4.22
7.2,5.2
7.65,5.65
7.64,5.64
7.61,5.61
7.21,5.21
7.19,5.19
7.9,5.9
7.93,5.93
7.85,5.85
7.24,5.24
7.17,8.17
7.71,8.71
7.61,8.61
7.57,8.57
7.25,8.25
7.52,8.52
7.26,8.26
7.76,8.76
7.0,8.0
7.21,8.21
7.22,9.22
7.84,9.84
7.64,9.64
7.85,9.85
7.57,9.57
7.22,9.22
7.36,9.36
7.23,9.23
7.97,9.97
7.5,9.5
7.6899999999999995,10.69
7.91,10.91
7.51,10.51
7.86,10.86
7.86,10.86
7.13,10.13
7.38,10.38
7.03,10.03
7.04,10.04
7.52,10.52
7.6899999999999995,11.69
7.89,11.89
7.42,11.42
7.08,11.08
7.39,11.39
7.18,11.18
7.03,11.03
7.37,11.37
7.9,11.9
7.18,11.18
7.47,12.47
7.22,12.22
7.46,12.46
7.4,12.4
7.42,12.42
7.49,12.49
7.26,12.26
7.64,12.64
7.61,12.61
7.11,12.11
7.24,13.24
7.04,13.04
7.95,13.95
7.74,13.74
7.37,13.37
7.04,13.04
7.55,13.55
7.05,13.05
7.73,13.73
7.11,13.11
7.43,18.43
7.73,18.73
7.8100000000000005,18.81
7.82,18.82
7.8,18.8
7.29,18.29
7.8100000000000005,18.81
7.35,18.35
7.1,18.1
7.79,18.79
7.14,22.14
7.25,22.25
7.88,22.88
7.77,22.77
7.83,22.83
7.76,22.76
7.7,22.7
7.64,22.64
7.6899999999999995,22.69
7.64,22.64
7.45,23.45
7.67,23.67
7.53,23.53
7.57,23.57
7.6,23.6
7.42,23.42
7.15,23.15
7.47,23.47
7.1,23.1
7.39,23.39
7.65,25.65
7.91,25.91
7.31,25.31
7.8100000000000005,25.81
7.14,25.14
7.51,25.51
7.35,25.35
7.78,25.78
8.0,26.0
7.9399999999999995,25.94
7.79,26.79
7.41,26.41
7.98,26.98
7.5600000000000005,26.56
7.62,26.62
7.68,26.68
7.15,26.15
7.32,26.32
7.84,26.84
7.71,26.71
7.57,27.57
7.5600000000000005,27.56
7.35,27.35
7.34,27.34
7.91,27.91
7.16,27.16
7.09,27.09
7.97,27.97
7.14,27.14
7.13,27.13
7.06,30.06
7.39,30.39
7.12,30.12
7.95,30.95
7.31,30.31
7.83,30.83
7.29,30.29
7.92,30.92
7.68,30.68
7.64,30.64
7.19,43.19
7.7,43.7
7.43,43.43
7.98,43.98
7.99,43.99
7.27,43.27
7.14,43.14
7.21,43.21
7.07,43.07
7.21,43.21
7.66,53.66
7.06,53.06
7.65,53.65
7.22,53.22
7.05,53.05
7.9,53.9
7.51,53.51
7.1,53.1
7.76,53.76
7.99,53.99
7.83,55.83
7.5600000000000005,55.56
7.91,55.91
7.2,55.2
7.07,55.07
7.36,55.36
7.49,55.49
7.38,55.38
7.92,55.92
7.57,55.57
7.42,56.42
7.73,56.73
7.53,56.53
7.32,56.32
7.72,56.72
7.18,56.18
7.29,56.29
7.42,56.42
7.99,56.99
7.7,56.7
7.36,57.36
7.3,57.3
7.24,57.24
8.0,58.0
7.59,57.59
7.14,57.14
7.39,57.39
7.58,57.58
7.23,57.23
7.01,57.01
7.73,61.73
7.65,61.65
7.35,61.35
7.46,61.46
7.35,61.35
7.7,61.7
7.04,61.04
7.72,61.72
7.8,61.8
7.3,61.3
7.65,63.65
7.45,63.45
7.63,63.63
7.82,63.82
7.86,63.86
7.54,63.54
7.3,63.3
7.43,63.43
7.76,63.76
7.03,63.03
7.37,64.37
8.0,65.0
7.63,64.63
7.3,64.3
7.38,64.38
7.32,64.32
7.8,64.8
7.51,64.51
7.21,64.21
7.3,64.3
7.65,81.65
7.8100000000000005,81.81
7.58,81.58
7.68,81.68
7.16,81.16
7.82,81.82
7.8100000000000005,81.81
7.99,81.99
7.14,81.14
7.06,81.06
8.89,18.89
8.3,18.3
8.52,18.52
8.44,18.44
8.57,18.57
8.84,18.84
8.46,18.46
8.95,18.95
8.38,18.38
8.65,18.65
8.71,23.71
8.06,23.06
8.45,23.45
8.18,23.18
8.14,23.14
8.19,23.19
8.91,23.91
8.87,23.87
8.71,23.71
8.21,23.21
8.32,24.32
8.81,24.81
8.05,24.05
8.42,24.42
8.06,24.06
8.37,24.37
8.43,24.43
8.67,24.67
8.12,24.12
8.4,24.4
8.42,25.42
8.99,25.99
8.87,25.87
8.72,25.72
8.02,25.02
8.77,25.77
8.74,25.74
8.4,25.4
8.37,25.37
8.56,25.56
8.87,27.87
8.56,27.56
8.66,27.66
8.06,27.06
8.19,27.19
8.05,27.05
8.34,27.34
8.72,27.72
8.35,27.35
8.25,27.25
8.35,28.35
8.94,28.94
8.9,28.9
8.71,28.71
8.12,28.12
8.66,28.66
8.17,28.17
8.7,28.7
8.03,28.03
8.58,28.58
8.74,29.74
8.24,29.24
8.05,29.05
8.78,29.78
8.44,29.44
8.82,29.82
8.51,29.51
8.14,29.14
8.61,29.61
8.25,29.25
8.68,30.68
8.68,30.68
8.28,30.28
8.42,30.42
8.24,30.24
8.92,30.92
8.77,30.77
8.79,30.79
8.05,30.05
8.05,30.05
8.74,41.74
8.83,41.83
8.05,41.05
8.32,41.32
8.19,41.19
8.65,41.65
8.34,41.34
8.57,41.57
8.3,41.3
8.02,41.02
9.0,43.0
8.39,42.39
8.5,42.5
8.98,42.98
8.7,42.7
9.0,43.0
8.11,42.11
8.12,42.12
8.12,42.12
8.18,42.18
8.0,43.0
8.86,43.86
8.34,43.34
8.89,43.89
8.86,43.86
8.89,43.89
8.05,43.05
8.82,43.82
8.04,43.04
8.5,43.5
8.83,57.83
8.99,57.99
8.47,57.47
8.27,57.27
8.75,57.75
8.51,57.51
8.12,57.12
8.29,57.29
8.7,57.7
8.54,57.54
8.4,80.4
8.65,80.65
8.43,80.43
8.84,80.84
8.56,80.56
8.12,80.12
8.94,80.94
8.87,80.87
8.28,80.28
8.76,80.76
8.15,81.15
8.09,81.09
8.45,81.45
8.24,81.24
8.01,81.01
8.35,81.35
8.67,81.67
8.97,81.97
8.7,81.7
8.51,81.51
9.53,18.53
9.65,18.65
9.96,18.96
9.03,18.03
10.0,19.0
9.03,18.03
9.1,18.1
9.8,18.8
9.14,18.14
9.42,18.42
9.1,41.1
9.89,41.89
9.6,41.6
9.59,41.59
10.0,42.0
9.31,41.31
9.87,41.87
9.01,41.01
9.58,41.58
9.29,41.29
9.75,57.75
9.15,57.15
9.2,57.2
9.83,57.83
9.88,57.88
9.49,57.49
9.49,57.49
9.57,57.57
9.05,57.05
9.43,57.43
9.55,58.55
9.17,58.17
9.08,58.08
9.87,58.87
9.2,58.2
9.5,58.5
9.79,58.79
9.41,58.41
9.25,58.25
9.3,58.3
9.61,59.61
9.18,59.18
9.84,59.84
9.57,59.57
9.13,59.13
9.82,59.82
9.86,59.86
9.48,59.48
9.84,59.84
9.22,59.22
9.83,60.83
9.12,60.12
9.58,60.58
9.59,60.59
9.08,60.08
10.0,61.0
9.27,60.27
9.25,60.25
9.96,60.96
9.1,60.1
9.64,61.64
9.38,61.38
9.3,61.3
9.86,61.86
9.44,61.44
9.47,61.47
9.03,61.03
9.99,61.99
9.28,61.28
9.15,61.15
9.99,80.99
9.75,80.75
9.8,80.8
9.81,80.81
9.33,80.33
9.05,80.05
9.35,80.35
9.48,80.48
9.78,80.78
9.2,80.2
10.56,5.5600000000000005
10.5,5.5
10.08,5.08
10.67,5.67
10.96,5.96
10.61,5.61
10.61,5.61
10.69,5.6899999999999995
10.72,5.72
10.38,5.38
10.35,6.35
10.4,6.4
10.71,6.71
10.56,6.5600000000000005
10.47,6.47
10.55,6.55
10.44,6.44
10.97,6.97
10.75,6.75
10.13,6.13
10.04,7.04
10.7,7.7
10.22,7.22
10.6,7.6
10.08,7.08
10.18,7.18
10.32,7.32
10.24,7.24
10.79,7.79
10.9,7.9
10.42,8.42
10.11,8.11
10.85,8.85
10.71,8.71
10.44,8.44
10.47,8.47
10.34,8.34
10.26,8.26
10.74,8.74
10.36,8.36
10.65,10.65
10.27,10.27
10.57,10.57
10.63,10.63
10.47,10.47
10.78,10.78
10.82,10.82
10.26,10.26
10.15,10.15
10.85,10.85
10.47,41.47
10.15,41.15
10.82,41.82
10.57,41.57
10.98,41.98
10.65,41.65
10.8,41.8
10.44,41.44
10.34,41.34
10.64,41.64
10.62,57.62
10.82,57.82
10.11,57.11
10.24,57.24
10.53,57.53
10.99,57.99
10.8,57.8
11.0,58.0
10.03,57.03
10.76,57.76
10.26,60.26
10.94,60.94
10.88,60.88
10.52,60.52
10.56,60.56
10.26,60.26
10.78,60.78
10.84,60.84
10.39,60.39
10.9,60.9
10.31,80.31
10.93,80.93
10.15,80.15
10.54,80.54
10.28,80.28
10.1,80.1
10.88,80.88
10.27,80.27
10.16,80.16
10.18,80.18
11.88,3.88
11.85,3.85
11.45,3.45
11.79,3.79
11.45,3.45
11.76,3.76
11.53,3.5300000000000002
11.9,3.9
11.97,3.9699999999999998
11.25,3.25
11.39,4.39
11.77,4.77
11.2,4.2
11.66,4.66
11.87,4.87
11.1,4.1
11.12,4.12
12.0,5.0
11.56,4.5600000000000005
11.52,4.52
11.74,10.74
11.53,10.53
11.0,10.0
11.08,10.08
11.97,10.97
11.94,10.94
11.25,10.25
11.04,10.04
11.9,10.9
11.84,10.84
11.66,11.66
11.7,11.7
11.29,11.29
11.32,11.32
11.24,11.24
11.23,11.23
11.06,11.06
11.19,11.19
11.92,11.92
11.06,11.06
11.08,12.08
12.0,13.0
11.35,12.35
11.33,12.33
11.42,12.42
11.47,12.47
12.0,13.0
11.49,12.49
11.3,12.3
11.43,12.43
11.53,13.53
11.09,13.09
11.79,13.79
11.26,13.26
12.0,14.0
11.28,13.28
11.41,13.41
11.24,13.24
11.94,13.94
11.72,13.72
11.64,14.64
11.74,14.74
11.1,14.1
11.1,14.1
11.31,14.31
11.17,14.17
11.54,14.54
11.5,14.5
11.29,14.29
11.92,14.92
11.0,18.0
11.88,18.88
11.63,18.63
11.47,18.47
11.33,18.33
11.19,18.19
11.22,18.22
11.59,18.59
11.86,18.86
11.89,18.89
11.9,41.9
11.73,41.73
11.9,41.9
11.16,41.16
11.52,41.52
11.64,41.64
11.68,41.68
11.38,41.38
11.2,41.2
11.44,41.44
11.05,57.05
11.1,57.1
11.45,57.45
11.95,57.95
11.81,57.81
11.17,57.17
11.65,57.65
11.75,57.75
11.47,57.47
11.34,57.34
11.86,60.86
11.47,60.47
11.83,60.83
11.68,60.68
11.18,60.18
11.86,60.86
11.86,60.86
11.03,60.03
11.29,60.29
11.42,60.42
11.17,61.17
11.82,61.82
11.48,61.48
11.07,61.07
11.64,61.64
11.1,61.1
11.43,61.43
11.37,61.37
11.22,61.22
11.15,61.15
11.83,62.83
11.06,62.06
11.54,62.54
11.53,62.53
11.81,62.81
11.49,62.49
11.84,62.84
11.43,62.43
11.58,62.58
11.44,62.44
11.09,80.09
11.75,80.75
11.53,80.53
11.73,80.73
11.99,80.99
11.64,80.64
11.37,80.37
11.18,80.18
11.71,80.71
11.4,80.4
11.12,81.12
11.77,81.77
11.38,81.38
11.16,81.16
11.84,81.84
11.44,81.44
11.17,81.17
11.15,81.15
11.31,81.31
11.03,81.03
12.13,14.13
12.16,14.16
12.57,14.57
12.36,14.36
12.2,14.2
12.2,14.2
12.51,14.51
12.51,14.51
12.6,14.6
12.62,14.62
12.55,17.55
12.17,17.17
12.18,17.18
12.42,17.42
12.55,17.55
12.93,17.93
12.78,17.78
12.13,17.13
12.59,17.59
12.23,17.23
12.95,18.95
12.68,18.68
12.61,18.61
12.48,18.48
12.84,18.84
12.85,18.85
12.06,18.06
12.77,18.77
12.22,18.22
12.77,18.77
12.17,22.17
12.64,22.64
12.65,22.65
12.12,22.12
12.45,22.45
12.78,22.78
12.33,22.33
12.76,22.76
12.11,22.11
12.2,22.2
12.95,23.95
12.0,23.0
12.83,23.83
12.13,23.13
12.63,23.63
12.07,23.07
12.93,23.93
12.87,23.87
12.17,23.17
12.49,23.49
12.56,24.56
12.64,24.64
12.43,24.43
12.95,24.95
12.68,24.68
12.2,24.2
12.1,24.1
12.96,24.96
12.95,24.95
12.81,24.81
12.11,25.11
12.59,25.59
12.96,25.96
12.54,25.54
12.8,25.8
12.11,25.11
12.8,25.8
12.77,25.77
12.1,25.1
12.92,25.92
12.24,26.24
12.64,26.64
12.55,26.55
12.2,26.2
12.11,26.11
12.17,26.17
12.04,26.04
12.62,26.62
12.46,26.46
12.04,26.04
12.3,27.3
12.91,27.91
12.33,27.33
12.67,27.67
12.83,27.83
12.27,27.27
12.44,27.44
12.65,27.65
12.42,27.42
12.22,27.22
12.63,28.63
12.11,28.11
12.52,28.52
12.69,28.69
12.2,28.2
12.9,28.9
12.03,28.03
12.32,28.32
12.94,28.94
12.32,28.32
12.13,41.13
12.17,41.17
12.78,41.78
12.84,41.84
12.16,41.16
12.4,41.4
12.25,41.25
12.1,41.1
12.26,41.26
12.55,41.55
12.43,42.43
12.54,42.54
12.5,42.5
12.69,42.69
12.85,42.85
12.16,42.16
12.49,42.49
12.58,42.58
12.86,42.86
12.72,42.72
12.98,57.98
12.29,57.29
12.14,57.14
12.99,57.99
12.4,57.4
12.47,57.47
12.97,57.97
12.47,57.47
12.91,57.91
12.31,57.31
12.52,58.52
12.77,58.77
12.71,58.71
12.99,58.99
12.21,58.21
12.43,58.43
12.81,58.81
12.05,58.05
12.59,58.59
12.46,58.46
12.63,62.63
12.86,62.86
12.3,62.3
12.18,62.18
12.18,62.18
12.08,62.08
12.15,62.15
12.76,62.76
12.83,62.83
12.58,62.58
12.3,81.3
12.69,81.69
12.35,81.35
12.95,81.95
12.97,81.97
12.45,81.45
12.71,81.71
12.49,81.49
12.3,81.3
12.97,81.97
13.21,2.21
13.43,2.43
13.74,2.74
13.97,2.9699999999999998
13.14,2.14
13.57,2.57
13.28,2.2800000000000002
13.85,2.85
13.49,2.49
13.85,2.85
13.65,14.65
13.26,14.26
13.37,14.37
13.11,14.11
13.69,14.69
13.86,14.86
13.65,14.65
13.03,14.03
13.67,14.67
13.74,14.74
13.53,15.53
13.64,15.64
13.9,15.9
14.0,16.0
13.45,15.45
13.47,15.47
13.07,15.07
13.73,15.73
13.54,15.54
13.92,15.92
13.32,16.32
13.03,16.03
13.57,16.57
13.1,16.1
13.37,16.37
13.48,16.48
13.96,16.96
13.95,16.95
13.06,16.06
13.76,16.76
13.57,17.57
13.61,17.61
13.23,17.23
13.77,17.77
13.98,17.98
13.89,17.89
13.08,17.08
13.35,17.35
13.29,17.29
13.47,17.47
13.97,22.97
13.76,22.76
13.95,22.95
13.36,22.36
13.04,22.04
13.02,22.02
13.24,22.24
13.69,22.69
13.42,22.42
13.3,22.3
13.09,29.09
13.22,29.22
13.26,29.26
13.84,29.84
13.13,29.13
13.61,29.61
13.52,29.52
13.72,29.72
13.66,29.66
13.22,29.22
13.66,42.66
13.78,42.78
13.58,42.58
13.49,42.49
13.12,42.12
13.16,42.16
13.59,42.59
13.79,42.79
13.84,42.84
13.39,42.39
13.51,58.51
13.32,58.32
13.66,58.66
13.81,58.81
13.01,58.01
13.43,58.43
13.22,58.22
13.19,58.19
13.67,58.67
13.41,58.41
13.49,62.49
13.74,62.74
13.54,62.54
13.94,62.94
13.62,62.62
13.95,62.95
13.36,62.36
13.09,62.09
13.74,62.74
13.85,62.85
13.45,63.45
13.75,63.75
13.75,63.75
13.96,63.96
13.75,63.75
13.95,63.95
13.59,63.59
13.19,63.19
13.23,63.23
14.0,64.0
13.17,64.17
13.89,64.89
13.29,64.29
13.73,64.73
13.86,64.86
13.19,64.19
13.33,64.33
13.52,64.52
13.83,64.83
13.07,64.07
13.38,80.38
13.64,80.64
13.32,80.32
13.55,80.55
13.45,80.45
13.2,80.2
13.36,80.36
13.77,80.77
13.33,80.33
13.33,80.33
14.53,1.53
14.93,1.9300000000000002
14.29,1.29
14.92,1.92
14.68,1.6800000000000002
14.7,1.7
14.33,1.33
14.45,1.45
14.76,1.76
14.16,1.16
14.61,14.61
14.43,14.43
14.19,14.19
14.32,14.32
14.17,14.17
14.12,14.12
14.62,14.62
14.3,14.3
14.38,14.38
14.78,14.78
14.59,17.59
14.08,17.08
14.25,17.25
14.4,17.4
14.6,17.6
14.83,17.83
14.66,17.66
14.45,17.45
14.33,17.33
15.0,18.0
14.74,19.74
14.46,19.46
14.01,19.01
14.13,19.13
14.0,19.0
14.83,19.83
14.05,19.05
14.01,19.01
14.56,19.56
14.75,19.75
14.85,20.85
14.5,20.5
14.43,20.43
14.25,20.25
14.24,20.24
14.76,20.76
14.61,20.61
14.03,20.03
14.07,20.07
14.38,20.38
14.0,21.0
14.08,21.08
14.94,21.94
14.59,21.59
14.11,21.11
14.4,21.4
14.87,21.87
14.12,21.12
14.99,21.99
14.54,21.54
14.24,22.24
14.27,22.27
14.08,22.08
14.79,22.79
14.15,22.15
14.58,22.58
14.91,22.91
14.88,22.88
14.64,22.64
14.25,22.25
14.44,29.44
14.91,29.91
14.55,29.55
14.59,29.59
14.65,29.65
14.51,29.51
14.2,29.2
14.2,29.2
14.24,29.24
14.39,29.39
14.11,30.11
14.92,30.92
14.33,30.33
14.52,30.52
14.96,30.96
14.21,30.21
14.94,30.94
14.0,30.0
14.22,30.22
14.5,30.5
14.3,42.3
14.62,42.62
14.86,42.86
14.18,42.18
14.9,42.9
14.86,42.86
14.54,42.54
14.57,42.57
14.47,42.47
14.24,42.24
14.0,56.0
14.47,56.47
14.95,56.95
14.44,56.44
14.34,56.34
14.01,56.01
14.57,56.57
14.69,56.69
14.22,56.22
14.73,56.73
14.71,58.71
14.79,58.79
14.86,58.86
14.16,58.16
14.87,58.87
14.58,58.58
14.11,58.11
14.89,58.89
14.84,58.84
14.97,58.97
14.0,64.0
14.93,64.93
14.58,64.58
14.2,64.2
14.53,64.53
14.42,64.42
14.81,64.81
14.95,64.95
14.45,64.45
14.4,64.4
14.06,80.06
14.63,80.63
14.12,80.12
14.27,80.27
14.5,80.5
14.02,80.02
14.55,80.55
14.33,80.33
14.15,80.15
14.74,80.74
15.0,82.0
14.22,81.22
14.98,81.98
14.05,81.05
14.6,81.6
14.7,81.7
14.81,81.81
14.63,81.63
14.39,81.39
14.85,81.85
15.55,1.55
15.22,1.22
15.02,1.02
15.31,1.31
15.52,1.52
15.63,1.63
15.24,1.24
15.73,1.73
15.35,1.35
15.51,1.51
15.04,14.04
15.31,14.31
15.18,14.18
15.6,14.6
15.52,14.52
15.08,14.08
15.71,14.71
15.9,14.9
15.36,14.36
15.8,14.8
15.93,17.93
15.06,17.06
15.46,17.46
15.18,17.18
15.52,17.52
16.0,18.0
15.56,17.56
15.22,17.22
15.16,17.16
15.15,17.15
15.94,22.94
15.29,22.29
15.81,22.81
15.39,22.39
15.18,22.18
15.74,22.74
15.9,22.9
15.68,22.68
15.26,22.26
15.62,22.62
15.62,30.62
15.07,30.07
15.9,30.9
15.95,30.95
15.36,30.36
15.1,30.1
15.57,30.57
15.34,30.34
15.02,30.02
15.17,30.17
15.28,43.28
15.5,43.5
15.06,43.06
15.93,43.93
15.47,43.47
15.86,43.86
15.06,43.06
15.5,43.5
15.49,43.49
15.17,43.17
15.79,56.79
15.51,56.51
15.78,56.78
15.99,56.99
15.1,56.1
15.31,56.31
15.51,56.51
15.22,56.22
15.43,56.43
15.91,56.91
15.36,57.36
15.78,57.78
15.91,57.91
15.97,57.97
16.0,58.0
15.98,57.98
15.59,57.59
15.98,57.98
15.03,57.03
15.93,57.93
15.16,58.16
15.51,58.51
15.84,58.84
15.98,58.98
15.66,58.66
15.87,58.87
15.11,58.11
15.11,58.11
15.85,58.85
15.85,58.85
15.68,64.68
15.4,64.4
15.42,64.42
15.46,64.46
15.03,64.03
15.25,64.25
15.02,64.02
15.03,64.03
15.37,64.37
15.0,64.0
15.75,81.75
15.55,81.55
15.32,81.32
15.41,81.41
15.27,81.27
15.97,81.97
15.71,81.71
15.91,81.91
15.74,81.74
15.97,81.97
16.17,1.17
16.19,1.19
16.74,1.74
16.04,1.04
16.76,1.76
16.59,1.5899999999999999
16.66,1.6600000000000001
16.14,1.1400000000000001
16.7,1.7
16.62,1.62
16.02,12.02
16.98,12.98
16.17,12.17
16.33,12.33
16.12,12.12
16.28,12.28
16.6,12.6
16.51,12.51
16.67,12.67
16.77,12.77
16.35,13.35
16.8,13.8
16.55,13.55
16.73,13.73
16.93,13.93
16.21,13.21
16.45,13.45
16.03,13.03
16.26,13.26
16.72,13.72
16.49,14.49
16.39,14.39
16.31,14.31
16.87,14.87
16.35,14.35
16.03,14.03
16.67,14.67
16.42,14.42
16.21,14.21
16.57,14.57
16.13,17.13
16.41,17.41
16.04,17.04
16.98,17.98
16.45,17.45
16.46,17.46
16.71,17.71
16.95,17.95
16.56,17.56
16.26,17.26
16.6,18.6
16.67,18.67
16.67,18.67
16.83,18.83
16.1,18.1
16.62,18.62
16.01,18.01
16.84,18.84
16.59,18.59
16.33,18.33
16.82,22.82
16.0,22.0
16.66,22.66
16.28,22.28
16.36,22.36
16.5,22.5
16.78,22.78
16.02,22.02
16.36,22.36
16.57,22.57
16.02,43.02
16.41,43.41
16.51,43.51
16.84,43.84
16.09,43.09
16.58,43.58
16.23,43.23
16.0,43.0
16.49,43.49
16.9,43.9
16.1,55.1
16.95,55.95
16.61,55.61
16.92,55.92
16.61,55.61
16.09,55.09
16.4,55.4
16.89,55.89
16.0,55.0
16.84,55.84
16.41,56.41
16.67,56.67
16.03,56.03
16.29,56.29
16.57,56.57
16.88,56.88
16.18,56.18
16.5,56.5
16.88,56.88
16.12,56.12
16.18,64.18
16.3,64.3
16.46,64.46
16.52,64.52
16.52,64.52
16.09,64.09
16.53,64.53
16.83,64.83
16.75,64.75
16.57,64.57
16.04,68.04
16.87,68.87
16.58,68.58
16.14,68.14
16.32,68.32
16.9,68.9
16.47,68.47
16.6,68.6
16.6,68.6
16.05,68.05
16.03,70.03
16.31,70.31
16.17,70.17
16.49,70.49
16.66,70.66
16.51,70.51
16.27,70.27
16.97,70.97
16.15,70.15
16.43,70.43
16.48,75.48
16.46,75.46
16.36,75.36
16.92,75.92
16.39,75.39
16.38,75.38
16.02,75.02
16.97,75.97
16.76,75.76
16.46,75.46
16.91,76.91
16.01,76.01
16.68,76.68
16.97,76.97
16.28,76.28
16.48,76.48
16.91,76.91
16.79,76.79
16.56,76.56
16.01,76.01
16.02,77.02
16.89,77.89
16.31,77.31
16.4,77.4
16.39,77.39
16.09,77.09
16.86,77.86
16.64,77.64
16.44,77.44
16.79,77.79
16.25,80.25
16.14,80.14
16.96,80.96
16.06,80.06
16.37,80.37
16.52,80.52
16.68,80.68
16.31,80.31
16.14,80.14
16.04,80.04
16.99,81.99
16.74,81.74
16.81,81.81
16.59,81.59
16.89,81.89
16.82,81.82
16.75,81.75
16.47,81.47
17.0,82.0
16.11,81.11
17.61,1.6099999999999999
17.93,1.9300000000000002
17.32,1.32
17.97,1.97
17.5,1.5
17.49,1.49
17.35,1.35
17.95,1.95
17.95,1.95
17.57,1.5699999999999998
17.41,12.41
17.61,12.61
17.44,12.44
17.55,12.55
17.74,12.74
17.24,12.24
18.0,13.0
17.16,12.16
17.77,12.77
17.2,12.2
17.14,18.14
17.15,18.15
17.88,18.88
17.37,18.37
17.21,18.21
18.0,19.0
17.46,18.46
17.0,18.0
17.49,18.49
17.95,18.95
17.01,22.01
17.53,22.53
17.06,22.06
17.34,22.34
17.69,22.69
17.01,22.01
17.54,22.54
17.58,22.58
17.76,22.76
17.9,22.9
17.46,29.46
17.39,29.39
17.31,29.31
17.71,29.71
17.78,29.78
17.55,29.55
17.78,29.78
17.77,29.77
17.81,29.81
17.5,29.5
17.71,30.71
17.49,30.49
17.17,30.17
17.37,30.37
17.7,30.7
17.86,30.86
17.65,30.65
17.69,30.69
17.66,30.66
17.85,30.85
17.52,42.52
17.32,42.32
17.46,42.46
17.75,42.75
18.0,43.0
18.0,43.0
17.57,42.57
17.02,42.02
17.8,42.8
17.04,42.04
17.76,43.76
17.23,43.23
17.03,43.03
17.94,43.94
17.23,43.23
17.47,43.47
17.57,43.57
17.61,43.61
17.26,43.26
17.88,43.88
17.48,55.48
17.84,55.84
17.78,55.78
17.98,55.98
17.88,55.88
17.07,55.07
17.34,55.34
17.32,55.32
17.89,55.89
17.78,55.78
17.66,64.66
17.11,64.11
17.99,64.99
17.95,64.95
17.88,64.88
17.11,64.11
17.91,64.91
17.62,64.62
17.26,64.26
17.78,64.78
17.44,66.44
17.85,66.85
17.82,66.82
17.6,66.6
17.63,66.63
17.71,66.71
17.58,66.58
17.9,66.9
17.54,66.54
17.48,66.48
17.75,67.75
17.36,67.36
17.02,67.02
17.42,67.42
17.56,67.56
17.15,67.15
17.37,67.37
17.06,67.06
17.91,67.91
17.69,67.69
17.64,68.64
17.85,68.85
17.09,68.09
17.52,68.52
17.63,68.63
17.61,68.61
17.72,68.72
17.03,68.03
17.9,68.9
17.0,68.0
17.13,70.13
17.28,70.28
17.43,70.43
17.95,70.95
17.04,70.04
17.69,70.69
17.14,70.14
17.48,70.48
17.4,70.4
17.77,70.77
17.43,71.43
17.92,71.92
17.8,71.8
17.55,71.55
17.54,71.54
17.45,71.45
17.76,71.76
17.13,71.13
17.28,71.28
17.66,71.66
17.38,72.38
17.65,72.65
17.65,72.65
18.0,73.0
17.51,72.51
17.39,72.39
17.68,72.68
17.3,72.3
17.34,72.34
17.92,72.92
17.32,73.32
17.34,73.34
17.82,73.82
17.14,73.14
17.03,73.03
17.63,73.63
17.56,73.56
17.23,73.23
17.14,73.14
17.22,73.22
17.97,74.97
17.38,74.38
17.24,74.24
17.53,74.53
17.58,74.58
17.66,74.66
17.37,74.37
17.17,74.17
17.36,74.36
17.76,74.76
17.68,77.68
17.16,77.16
17.69,77.69
17.83,77.83
17.38,77.38
17.24,77.24
17.23,77.23
17.17,77.17
17.17,77.17
17.94,77.94
17.53,78.53
17.09,78.09
17.47,78.47
17.4,78.4
17.46,78.46
17.24,78.24
17.67,78.67
17.82,78.82
17.7,78.7
17.75,78.75
17.22,79.22
17.35,79.35
17.91,79.91
17.18,79.18
17.2,79.2
17.29,79.29
17.25,79.25
17.74,79.74
17.29,79.29
17.92,79.92
17.5,80.5
17.14,80.14
17.73,80.73
17.73,80.73
17.72,80.72
17.52,80.52
17.34,80.34
17.33,80.33
17.24,80.24
17.74,80.74
18.83,2.83
18.1,2.1
18.07,2.07
18.9,2.9
18.82,2.82
18.65,2.65
18.43,2.43
18.39,2.39
18.18,2.18
18.65,2.65
19.0,4.0
18.81,3.81
18.22,3.22
18.04,3.04
18.29,3.29
18.96,3.96
18.5,3.5
18.88,3.88
18.76,3.76
18.61,3.61
18.75,4.75
18.44,4.44
18.43,4.43
18.62,4.62
18.03,4.03
18.52,4.52
18.43,4.43
18.72,4.72
18.8,4.8
18.98,4.98
18.32,12.32
18.18,12.18
18.23,12.23
18.44,12.44
18.66,12.66
18.28,12.28
18.87,12.87
18.46,12.46
18.18,12.18
18.51,12.51
18.62,23.62
18.0,23.0
18.25,23.25
18.9,23.9
18.37,23.37
18.41,23.41
18.71,23.71
18.99,23.99
18.62,23.62
18.96,23.96
18.02,24.02
18.09,24.09
18.65,24.65
18.48,24.48
18.47,24.47
18.64,24.64
18.6,24.6
18.28,24.28
18.67,24.67
18.44,24.44
18.33,29.33
18.59,29.59
18.98,29.98
18.5,29.5
19.0,30.0
18.63,29.63
18.05,29.05
18.4,29.4
18.59,29.59
18.71,29.71
18.29,41.29
18.59,41.59
18.29,41.29
18.61,41.61
18.74,41.74
18.36,41.36
18.59,41.59
18.92,41.92
18.79,41.79
18.03,41.03
18.8,55.8
18.97,55.97
18.19,55.19
18.6,55.6
18.03,55.03
18.12,55.12
18.45,55.45
18.16,55.16
18.82,55.82
18.21,55.21
18.58,56.58
18.22,56.22
18.53,56.53
18.29,56.29
18.6,56.6
18.03,56.03
18.81,56.81
18.15,56.15
18.65,56.65
18.33,56.33
19.54,1.54
19.05,1.05
19.15,1.15
19.72,1.72
19.0,1.0
19.43,1.43
19.51,1.51
19.88,1.88
19.82,1.8199999999999998
19.83,1.83
19.44,2.44
19.69,2.69
19.51,2.51
19.94,2.94
19.33,2.33
19.89,2.89
19.28,2.2800000000000002
19.88,2.88
19.71,2.71
19.62,2.62
19.06,4.06
19.27,4.27
19.2,4.2
20.0,5.0
19.85,4.85
19.82,4.82
19.75,4.75
19.42,4.42
19.21,4.21
19.87,4.87
19.66,5.66
19.78,5.78
19.46,5.46
19.94,5.9399999999999995
19.36,5.36
19.96,5.96
19.69,5.6899999999999995
19.04,5.04
19.82,5.82
19.22,5.22
19.75,6.75
19.67,6.67
19.32,6.32
19.48,6.48
19.63,6.63
19.71,6.71
19.78,6.78
19.69,6.6899999999999995
19.71,6.71
19.29,6.29
19.33,12.33
19.96,12.96
19.11,12.11
19.77,12.77
19.6,12.6
19.14,12.14
19.21,12.21
19.07,12.07
19.69,12.69
19.73,12.73
19.93,17.93
19.36,17.36
19.58,17.58
19.56,17.56
19.58,17.58
19.67,17.67
19.35,17.35
19.3,17.3
19.75,17.75
19.54,17.54
19.34,18.34
19.37,18.37
19.9,18.9
19.69,18.69
19.87,18.87
19.03,18.03
19.97,18.97
19.19,18.19
19.02,18.02
19.38,18.38
19.91,24.91
19.73,24.73
19.92,24.92
19.45,24.45
19.99,24.99
19.36,24.36
19.51,24.51
19.51,24.51
19.87,24.87
19.19,24.19
19.61,26.61
19.74,26.74
19.79,26.79
19.92,26.92
19.37,26.37
19.06,26.06
19.46,26.46
19.81,26.81
19.98,26.98
19.46,26.46
19.22,27.22
19.79,27.79
19.8,27.8
19.96,27.96
19.2,27.2
19.92,27.92
19.6,27.6
19.7,27.7
19.24,27.24
19.72,27.72
19.53,28.53
19.83,28.83
19.69,28.69
19.78,28.78
19.57,28.57
19.79,28.79
19.69,28.69
19.05,28.05
19.53,28.53
19.35,28.35
19.61,29.61
19.27,29.27
19.59,29.59
19.73,29.73
19.74,29.74
19.78,29.78
19.29,29.29
19.57,29.57
19.16,29.16
19.37,29.37
19.16,41.16
20.0,42.0
19.92,41.92
19.57,41.57
19.75,41.75
19.74,41.74
19.18,41.18
19.43,41.43
19.72,41.72
19.14,41.14
19.0,56.0
19.82,56.82
19.73,56.73
19.43,56.43
19.1,56.1
19.64,56.64
19.15,56.15
19.9,56.9
19.8,56.8
19.24,56.24
20.53,1.53
20.23,1.23
20.26,1.26
20.62,1.62
20.82,1.8199999999999998
20.7,1.7
20.62,1.62
20.06,1.06
20.35,1.35
20.76,1.76
20.63,2.63
20.95,2.95
20.37,2.37
20.71,2.71
20.08,2.08
20.71,2.71
20.76,2.76
20.76,2.76
20.62,2.62
20.65,2.65
20.54,6.54
20.21,6.21
20.01,6.01
20.66,6.66
20.35,6.35
20.88,6.88
20.81,6.8100000000000005
20.91,6.91
20.62,6.62
20.16,6.16
20.1,7.1
20.4,7.4
20.16,7.16
20.14,7.14
20.82,7.82
20.27,7.27
20.55,7.55
20.51,7.51
20.8,7.8
20.05,7.05
20.39,8.39
20.2,8.2
20.72,8.72
20.68,8.68
20.16,8.16
20.39,8.39
20.44,8.44
20.75,8.75
20.1,8.1
20.54,8.54
20.24,9.24
20.98,9.98
20.69,9.69
20.97,9.97
20.23,9.23
20.64,9.64
20.88,9.88
20.74,9.74
20.05,9.05
20.75,9.75
20.44,10.44
20.97,10.97
20.26,10.26
20.88,10.88
20.4,10.4
20.24,10.24
20.23,10.23
20.5,10.5
20.39,10.39
20.46,10.46
20.49,11.49
20.35,11.35
20.94,11.94
20.63,11.63
20.44,11.44
20.12,11.12
20.7,11.7
20.37,11.37
20.28,11.28
20.99,11.99
20.86,12.86
20.22,12.22
20.16,12.16
20.11,12.11
20.3,12.3
20.65,12.65
20.32,12.32
20.28,12.28
20.01,12.01
20.27,12.27
20.17,17.17
20.31,17.31
20.72,17.72
20.96,17.96
20.45,17.45
20.95,17.95
20.07,17.07
20.18,17.18
20.21,17.21
20.1,17.1
20.22,18.22
20.36,18.36
21.0,19.0
20.16,18.16
20.25,18.25
20.83,18.83
20.56,18.56
20.34,18.34
20.47,18.47
20.58,18.58
20.96,41.96
20.36,41.36
20.42,41.42
20.79,41.79
20.68,41.68
20.0,41.0
20.78,41.78
20.98,41.98
20.7,41.7
20.31,41.31
20.65,56.65
20.92,56.92
20.21,56.21
20.88,56.88
20.64,56.64
20.37,56.37
20.93,56.93
20.65,56.65
20.46,56.46
20.08,56.08
21.26,18.26
21.79,18.79
21.2,18.2
21.77,18.77
21.27,18.27
21.77,18.77
21.44,18.44
21.05,18.05
21.04,18.04
21.16,18.16
21.77,41.77
21.92,41.92
21.24,41.24
21.03,41.03
21.88,41.88
21.27,41.27
21.85,41.85
21.55,41.55
21.5,41.5
21.5,41.5
21.42,56.42
21.33,56.33
21.76,56.76
21.66,56.66
21.81,56.81
21.16,56.16
21.77,56.77
21.67,56.67
21.73,56.73
21.59,56.59
22.94,18.94
22.02,18.02
22.45,18.45
22.3,18.3
22.37,18.37
22.4,18.4
22.71,18.71
22.39,18.39
22.85,18.85
22.06,18.06
22.17,41.17
22.04,41.04
22.72,41.72
22.61,41.61
22.31,41.31
22.46,41.46
22.09,41.09
22.66,41.66
22.38,41.38
22.85,41.85
22.09,48.09
22.77,48.77
22.37,48.37
22.71,48.71
22.17,48.17
22.9,48.9
22.89,48.89
22.04,48.04
22.89,48.89
22.62,48.62
22.61,49.61
22.44,49.44
22.88,49.88
22.18,49.18
22.38,49.38
22.95,49.95
22.32,49.32
22.04,49.04
22.01,49.01
22.01,49.01
22.46,50.46
22.62,50.62
22.9,50.9
22.43,50.43
22.62,50.62
22.83,50.83
22.85,50.85
22.91,50.91
22.26,50.26
22.42,50.42
22.03,54.03
22.58,54.58
22.04,54.04
22.85,54.85
22.84,54.84
22.04,54.04
22.03,54.03
22.34,54.34
22.19,54.19
22.79,54.79
22.72,55.72
22.63,55.63
22.36,55.36
22.84,55.84
22.1,55.1
22.91,55.91
22.96,55.96
22.3,55.3
22.18,55.18
22.91,55.91
22.16,56.16
22.54,56.54
22.3,56.3
22.6,56.6
22.08,56.08
22.02,56.02
22.29,56.29
22.24,56.24
22.9,56.9
22.73,56.73
22.96,57.96
22.15,57.15
22.65,57.65
22.65,57.65
22.71,57.71
22.25,57.25
22.49,57.49
22.19,57.19
22.98,57.98
22.53,57.53
22.4,66.4
22.73,66.73
22.26,66.26
22.27,66.27
22.04,66.04
22.26,66.26
22.48,66.48
22.34,66.34
22.63,66.63
22.83,66.83
22.62,68.62
22.52,68.52
22.28,68.28
22.88,68.88
22.14,68.14
22.98,68.98
22.51,68.51
22.93,68.93
22.34,68.34
22.55,68.55
22.17,69.17
22.41,69.41
22.83,69.83
22.82,69.82
22.6,69.6
22.49,69.49
22.88,69.88
22.36,69.36
22.02,69.02
22.23,69.23
22.69,73.69
22.35,73.35
22.01,73.01
22.07,73.07
22.88,73.88
22.38,73.38
22.38,73.38
22.29,73.29
22.08,73.08
22.4,73.4
22.07,75.07
22.82,75.82
22.51,75.51
22.81,75.81
22.45,75.45
22.09,75.09
22.84,75.84
22.07,75.07
22.94,75.94
22.95,75.95
22.1,76.1
22.27,76.27
22.71,76.71
22.73,76.73
22.59,76.59
22.37,76.37
22.68,76.68
22.78,76.78
22.27,76.27
22.43,76.43
22.89,77.89
22.52,77.52
22.32,77.32
22.48,77.48
22.5,77.5
22.51,77.51
22.42,77.42
22.57,77.57
22.61,77.61
22.54,77.54
23.53,8.53
23.25,8.25
23.46,8.46
23.82,8.82
23.28,8.28
23.9,8.9
23.82,8.82
23.48,8.48
23.72,8.72
23.94,8.94
23.58,9.58
23.56,9.56
23.51,9.51
23.88,9.88
23.32,9.32
23.02,9.02
23.63,9.63
23.05,9.05
23.3,9.3
23.05,9.05
23.98,10.98
23.87,10.87
23.33,10.33
23.59,10.59
23.18,10.18
23.5,10.5
23.91,10.91
23.92,10.92
23.8,10.8
23.75,10.75
23.18,11.18
23.63,11.63
23.57,11.57
23.43,11.43
23.73,11.73
23.41,11.41
23.31,11.31
23.18,11.18
23.72,11.72
23.28,11.28
23.54,18.54
23.37,18.37
23.16,18.16
23.65,18.65
23.63,18.63
23.1,18.1
23.45,18.45
23.61,18.61
23.85,18.85
23.71,18.71
23.2,19.2
23.12,19.12
23.41,19.41
23.39,19.39
23.21,19.21
23.26,19.26
23.21,19.21
23.65,19.65
23.03,19.03
23.24,19.24
23.47,42.47
23.79,42.79
23.69,42.69
23.55,42.55
23.42,42.42
23.23,42.23
23.77,42.77
23.5,42.5
23.23,42.23
23.22,42.22
24.0,44.0
23.11,43.11
23.55,43.55
23.14,43.14
23.55,43.55
23.15,43.15
23.84,43.84
23.34,43.34
23.09,43.09
23.5,43.5
23.84,48.84
23.76,48.76
23.76,48.76
23.01,48.01
23.28,48.28
23.81,48.81
23.13,48.13
23.33,48.33
23.23,48.23
23.56,48.56
23.07,51.07
23.49,51.49
23.47,51.47
23.03,51.03
23.49,51.49
23.26,51.26
23.8,51.8
23.04,51.04
23.04,51.04
23.97,51.97
23.06,54.06
23.99,54.99
23.71,54.71
23.0,54.0
23.41,54.41
23.06,54.06
23.65,54.65
23.25,54.25
23.57,54.57
23.21,54.21
23.47,57.47
23.13,57.13
23.63,57.63
23.56,57.56
23.1,57.1
23.68,57.68
23.49,57.49
23.29,57.29
23.66,57.66
23.53,57.53
23.2,66.2
23.58,66.58
23.52,66.52
23.83,66.83
23.37,66.37
23.74,66.74
23.66,66.66
23.86,66.86
23.62,66.62
23.9,66.9
23.06,69.06
23.02,69.02
23.16,69.16
23.8,69.8
23.33,69.33
23.4,69.4
23.87,69.87
23.01,69.01
23.24,69.24
23.84,69.84
23.79,71.79
23.5,71.5
23.19,71.19
23.27,71.27
23.45,71.45
23.1,71.1
23.64,71.64
23.38,71.38
23.16,71.16
23.66,71.66
23.91,72.91
23.97,72.97
23.26,72.26
23.47,72.47
23.15,72.15
23.84,72.84
23.02,72.02
23.27,72.27
23.29,72.29
23.83,72.83
23.41,73.41
23.61,73.61
23.23,73.23
23.81,73.81
23.74,73.74
23.95,73.95
23.1,73.1
23.83,73.83
23.02,73.02
23.82,73.82
23.5,77.5
23.04,77.04
23.04,77.04
23.62,77.62
23.69,77.69
23.94,77.94
23.3,77.3
23.71,77.71
23.22,77.22
23.33,77.33
23.81,78.81
23.84,78.84
23.43,78.43
23.58,78.58
23.52,78.52
23.36,78.36
24.0,79.0
23.88,78.88
23.31,78.31
23.67,78.67
23.41,80.41
23.96,80.96
23.48,80.48
23.66,80.66
23.67,80.67
23.58,80.58
23.8,80.8
23.21,80.21
23.45,80.45
23.92,80.92
24.98,8.98
24.62,8.62
24.29,8.29
24.51,8.51
24.77,8.77
24.12,8.12
24.17,8.17
24.88,8.88
24.32,8.32
24.69,8.69
24.16,13.16
24.11,13.11
24.84,13.84
24.9,13.9
24.27,13.27
24.06,13.06
24.84,13.84
24.73,13.73
25.0,14.0
24.28,13.28
24.7,19.7
24.92,19.92
24.64,19.64
24.31,19.31
24.29,19.29
24.1,19.1
25.0,20.0
24.05,19.05
24.0,19.0
24.83,19.83
24.88,43.88
24.01,43.01
24.05,43.05
24.33,43.33
24.89,43.89
24.71,43.71
24.37,43.37
24.13,43.13
24.67,43.67
24.03,43.03
24.95,43.95
24.53,43.53
24.5,43.5
24.31,43.31
24.58,43.58
24.41,43.41
24.28,43.28
24.74,43.74
24.13,43.13
24.24,43.24
24.37,48.37
24.64,48.64
24.0,48.0
24.18,48.18
24.43,48.43
24.51,48.51
24.75,48.75
24.31,48.31
24.11,48.11
24.9,48.9
24.71,51.71
24.68,51.68
24.37,51.37
24.16,51.16
24.12,51.12
24.73,51.73
24.21,51.21
24.52,51.52
24.13,51.13
25.0,52.0
24.77,52.77
24.25,52.25
24.42,52.42
24.51,52.51
24.8,52.8
24.94,52.94
24.69,52.69
24.58,52.58
24.21,52.21
24.62,52.62
24.3,53.3
24.06,53.06
24.7,53.7
24.9,53.9
24.12,53.12
24.91,53.91
24.73,53.73
24.44,53.44
24.95,53.95
24.44,53.44
24.6,54.6
24.49,54.49
24.74,54.74
24.54,54.54
24.16,54.16
24.0,54.0
24.77,54.77
24.63,54.63
24.01,54.01
24.1,54.1
24.15,57.15
24.64,57.64
24.43,57.43
24.58,57.58
24.93,57.93
24.22,57.22
24.57,57.57
24.43,57.43
24.61,57.61
24.09,57.09
24.47,65.47
24.46,65.46
24.33,65.33
24.67,65.67
24.53,65.53
24.89,65.89
24.53,65.53
24.69,65.69
24.54,65.54
24.52,65.52
24.51,80.51
24.01,80.01
24.1,80.1
24.96,80.96
24.14,80.14
24.29,80.29
24.06,80.06
24.41,80.41
24.6,80.6
24.19,80.19
25.04,3.04
25.52,3.52
25.27,3.27
25.56,3.56
25.97,3.9699999999999998
25.6,3.6
25.29,3.29
25.97,3.9699999999999998
25.54,3.54
25.09,3.09
25.55,4.55
25.78,4.78
25.6,4.6
25.92,4.92
25.68,4.68
25.69,4.6899999999999995
25.59,4.59
25.73,4.73
25.09,4.09
25.2,4.2
25.92,5.92
25.57,5.57
25.46,5.46
25.62,5.62
25.42,5.42
25.44,5.44
25.37,5.37
25.15,5.15
25.11,5.11
25.68,5.68
25.73,6.73
25.48,6.48
25.4,6.4
25.64,6.64
25.23,6.23
25.27,6.27
25.66,6.66
25.89,6.89
25.0,6.0
25.54,6.54
25.79,8.79
25.74,8.74
25.45,8.45
25.59,8.59
25.49,8.49
25.75,8.75
25.92,8.92
25.04,8.04
25.14,8.14
25.28,8.28
25.08,13.08
25.45,13.45
25.52,13.52
25.04,13.04
25.19,13.19
25.31,13.31
25.79,13.79
25.94,13.94
25.31,13.31
25.87,13.87
25.18,14.18
25.8,14.8
25.05,14.05
25.88,14.88
25.91,14.91
25.64,14.64
25.51,14.51
25.29,14.29
25.57,14.57
25.21,14.21
25.16,15.16
25.39,15.39
25.16,15.16
25.1,15.1
25.14,15.14
25.72,15.72
25.93,15.93
25.4,15.4
25.52,15.52
25.42,15.42
25.78,19.78
25.77,19.77
25.67,19.67
25.71,19.71
25.93,19.93
25.96,19.96
25.12,19.12
25.21,19.21
25.24,19.24
25.83,19.83
25.21,25.21
25.26,25.26
25.9,25.9
25.28,25.28
25.08,25.08
25.13,25.13
25.72,25.72
25.22,25.22
25.18,25.18
25.79,25.79
25.67,26.67
25.64,26.64
25.03,26.03
25.43,26.43
25.64,26.64
25.59,26.59
25.87,26.87
25.77,26.77
25.5,26.5
25.06,26.06
25.68,28.68
26.0,29.0
25.55,28.55
25.81,28.81
25.73,28.73
25.25,28.25
25.58,28.58
25.51,28.51
25.38,28.38
25.06,28.06
25.22,47.22
25.12,47.12
25.37,47.37
25.05,47.05
25.77,47.77
25.02,47.02
25.8,47.8
25.85,47.85
25.84,47.84
25.94,47.94
25.93,48.93
25.13,48.13
25.42,48.42
25.86,48.86
25.94,48.94
25.53,48.53
25.03,48.03
25.97,48.97
25.88,48.88
25.02,48.02
25.65,57.65
25.38,57.38
25.28,57.28
25.16,57.16
25.19,57.19
25.35,57.35
25.8,57.8
25.99,57.99
25.38,57.38
25.11,57.11
25.17,64.17
25.72,64.72
25.25,64.25
25.54,64.54
25.03,64.03
25.1,64.1
25.73,64.73
25.19,64.19
25.15,64.15
25.3,64.3
25.62,65.62
25.47,65.47
25.85,65.85
25.2,65.2
25.15,65.15
25.82,65.82
25.96,65.96
25.36,65.36
25.9,65.9
25.44,65.44
25.55,66.55
25.42,66.42
25.58,66.58
25.93,66.93
25.43,66.43
25.58,66.58
25.18,66.18
25.95,66.95
25.29,66.29
25.93,66.93
25.92,80.92
25.67,80.67
25.24,80.24
25.54,80.54
25.1,80.1
25.31,80.31
25.54,80.54
25.58,80.58
25.86,80.86
25.29,80.29
26.6,2.6
26.09,2.09
26.48,2.48
26.02,2.02
26.12,2.12
26.36,2.36
26.11,2.11
26.03,2.03
26.44,2.44
26.93,2.93
26.41,18.41
26.39,18.39
26.81,18.81
26.31,18.31
26.09,18.09
26.43,18.43
26.66,18.66
26.17,18.17
26.04,18.04
26.59,18.59
26.89,19.89
26.24,19.24
26.48,19.48
26.95,19.95
26.91,19.91
26.45,19.45
26.14,19.14
26.35,19.35
26.17,19.17
26.77,19.77
26.44,22.44
26.37,22.37
26.2,22.2
26.39,22.39
26.66,22.66
26.78,22.78
26.69,22.69
26.09,22.09
26.96,22.96
26.37,22.37
26.29,23.29
26.76,23.76
26.28,23.28
26.45,23.45
26.73,23.73
26.27,23.27
26.28,23.28
26.0,23.0
26.91,23.91
26.41,23.41
26.84,24.84
26.92,24.92
26.56,24.56
26.49,24.49
26.96,24.96
26.01,24.01
26.6,24.6
26.53,24.53
26.11,24.11
26.26,24.26
26.29,28.29
26.27,28.27
26.34,28.34
26.79,28.79
26.48,28.48
26.3,28.3
26.75,28.75
26.3,28.3
26.55,28.55
26.22,28.22
26.36,43.36
26.23,43.23
26.63,43.63
26.5,43.5
26.83,43.83
26.23,43.23
26.88,43.88
26.0,43.0
26.35,43.35
26.22,43.22
26.84,44.84
26.66,44.66
26.08,44.08
26.32,44.32
26.99,44.99
26.33,44.33
26.08,44.08
26.6,44.6
26.97,44.97
26.16,44.16
26.4,45.4
26.38,45.38
26.93,45.93
26.51,45.51
26.95,45.95
26.98,45.98
26.83,45.83
26.29,45.29
26.31,45.31
26.44,45.44
26.73,46.73
26.06,46.06
26.32,46.32
26.61,46.61
26.66,46.66
26.46,46.46
26.35,46.35
26.42,46.42
26.71,46.71
26.29,46.29
26.79,47.79
26.81,47.81
26.67,47.67
26.7,47.7
26.0,47.0
26.42,47.42
26.75,47.75
26.55,47.55
26.4,47.4
26.91,47.91
26.48,57.48
26.63,57.63
26.13,57.13
26.26,57.26
26.6,57.6
26.17,57.17
26.41,57.41
26.85,57.85
26.36,57.36
26.69,57.69
26.02,58.02
26.49,58.49
26.45,58.45
26.58,58.58
26.94,58.94
26.08,58.08
26.93,58.93
26.86,58.86
26.96,58.96
26.86,58.86
26.78,64.78
26.73,64.73
26.94,64.94
26.44,64.44
26.63,64.63
26.98,64.98
26.13,64.13
26.03,64.03
26.48,64.48
26.53,64.53
27.19,2.19
27.04,2.04
27.24,2.24
27.39,2.39
27.76,2.76
27.89,2.89
27.88,2.88
27.07,2.07
27.27,2.27
27.57,2.57
27.95,15.95
27.12,15.12
27.45,15.45
27.53,15.53
27.45,15.45
27.79,15.79
27.17,15.17
27.8,15.8
27.06,15.06
27.74,15.74
27.72,18.72
27.93,18.93
27.66,18.66
27.17,18.17
27.91,18.91
27.32,18.32
27.57,18.57
27.5,18.5
27.96,18.96
27.64,18.64
27.16,22.16
27.94,22.94
27.38,22.38
27.88,22.88
27.66,22.66
27.18,22.18
27.73,22.73
27.71,22.71
27.61,22.61
27.27,22.27
27.9,28.9
27.58,28.58
27.69,28.69
27.57,28.57
27.02,28.02
28.0,29.0
27.7,28.7
27.78,28.78
27.83,28.83
27.36,28.36
27.95,29.95
27.98,29.98
27.35,29.35
27.37,29.37
27.66,29.66
27.28,29.28
27.53,29.53
27.79,29.79
27.56,29.56
27.66,29.66
27.88,30.88
27.61,30.61
27.08,30.08
27.99,30.99
27.84,30.84
27.17,30.17
27.34,30.34
27.55,30.55
27.71,30.71
27.95,30.95
27.46,31.46
27.23,31.23
27.62,31.62
27.98,31.98
27.99,31.99
27.2,31.2
27.44,31.44
27.79,31.79
27.28,31.28
27.02,31.02
27.51,58.51
27.98,58.98
27.3,58.3
27.86,58.86
27.79,58.79
27.35,58.35
27.63,58.63
27.79,58.79
27.39,58.39
27.92,58.92
27.04,64.04
28.0,65.0
27.2,64.2
27.87,64.87
27.17,64.17
27.54,64.54
27.6,64.6
27.86,64.86
27.11,64.11
27.08,64.08
27.24,79.24
27.22,79.22
27.47,79.47
27.24,79.24
27.54,79.54
27.51,79.51
27.61,79.61
27.48,79.48
27.8,79.8
27.93,79.93
28.51,1.51
28.39,1.3900000000000001
28.71,1.71
28.96,1.96
28.42,1.42
28.7,1.7
28.27,1.27
28.22,1.22
28.49,1.49
28.53,1.53
28.53,2.5300000000000002
28.37,2.37
28.86,2.86
28.76,2.76
28.89,2.89
28.44,2.44
28.77,2.77
28.08,2.08
28.82,2.82
28.17,2.17
28.0,15.0
28.85,15.85
28.86,15.86
29.0,16.0
28.04,15.04
28.58,15.58
28.52,15.52
28.97,15.97
28.72,15.72
28.91,15.91
28.86,18.86
28.08,18.08
28.95,18.95
28.22,18.22
28.9,18.9
28.71,18.71
28.72,18.72
28.92,18.92
28.44,18.44
28.61,18.61
28.88,22.88
28.89,22.89
28.83,22.83
28.08,22.08
28.83,22.83
28.54,22.54
28.48,22.48
28.01,22.01
28.04,22.04
28.88,22.88
28.67,31.67
28.68,31.68
28.34,31.34
28.49,31.49
28.42,31.42
28.37,31.37
28.76,31.76
28.95,31.95
28.88,31.88
28.08,31.08
28.0,57.0
28.81,57.81
28.08,57.08
28.0,57.0
28.16,57.16
28.99,57.99
28.87,57.87
28.12,57.12
28.97,57.97
28.27,57.27
28.2,64.2
28.9,64.9
28.92,64.92
28.59,64.59
28.56,64.56
28.59,64.59
28.33,64.33
28.78,64.78
28.95,64.95
28.05,64.05
28.2,65.2
28.35,65.35
28.3,65.3
28.13,65.13
28.75,65.75
28.82,65.82
28.17,65.17
28.05,65.05
28.4,65.4
28.57,65.57
28.68,79.68
28.93,79.93
28.96,79.96
28.88,79.88
28.41,79.41
28.79,79.79
28.75,79.75
28.62,79.62
28.99,79.99
28.8,79.8
29.75,14.75
29.31,14.31
29.27,14.27
29.3,14.3
29.36,14.36
29.68,14.68
29.09,14.09
29.5,14.5
29.04,14.04
29.73,14.73
29.33,15.33
29.0,15.0
29.38,15.38
29.71,15.71
29.74,15.74
29.82,15.82
29.67,15.67
29.49,15.49
29.68,15.68
29.96,15.96
29.82,17.82
29.99,17.99
29.31,17.31
29.1,17.1
29.27,17.27
29.76,17.76
29.84,17.84
29.74,17.74
29.58,17.58
29.69,17.69
29.26,18.26
29.62,18.62
29.25,18.25
29.96,18.96
29.14,18.14
29.68,18.68
29.17,18.17
29.16,18.16
29.9,18.9
29.64,18.64
29.58,20.58
29.84,20.84
29.92,20.92
29.3,20.3
29.55,20.55
29.99,20.99
29.81,20.81
29.21,20.21
29.07,20.07
29.44,20.44
29.19,21.19
29.41,21.41
29.61,21.61
29.46,21.46
29.39,21.39
29.76,21.76
29.85,21.85
29.68,21.68
29.42,21.42
29.7,21.7
29.83,22.83
29.68,22.68
29.17,22.17
29.19,22.19
29.61,22.61
29.68,22.68
29.78,22.78
29.26,22.26
29.55,22.55
29.72,22.72
29.7,31.7
29.33,31.33
29.41,31.41
29.36,31.36
29.27,31.27
29.16,31.16
29.85,31.85
29.41,31.41
29.39,31.39
29.68,31.68
29.4,57.4
29.37,57.37
29.56,57.56
29.55,57.55
29.36,57.36
29.1,57.1
29.52,57.52
29.42,57.42
29.48,57.48
29.17,57.17
29.38,65.38
29.43,65.43
29.14,65.14
29.39,65.39
29.24,65.24
29.02,65.02
29.93,65.93
29.79,65.79
29.7,65.7
29.53,65.53
29.73,79.73
29.24,79.24
29.48,79.48
29.27,79.27
29.34,79.34
29.03,79.03
29.8,79.8
29.87,79.87
29.68,79.68
29.58,79.58
30.0,81.0
29.15,80.15
29.97,80.97
29.47,80.47
29.83,80.83
29.04,80.04
30.0,81.0
29.91,80.91
29.82,80.82
29.33,80.33
30.12,0.12
30.48,0.48
30.98,0.98
30.61,0.61
30.26,0.26
30.43,0.43
31.0,1.0
30.81,0.81
30.88,0.88
30.55,0.55
30.45,1.45
30.24,1.24
30.46,1.46
30.66,1.6600000000000001
30.45,1.45
30.73,1.73
30.54,1.54
30.29,1.29
30.51,1.51
30.8,1.8
30.74,13.74
30.84,13.84
30.37,13.37
30.56,13.56
30.28,13.28
30.05,13.05
30.48,13.48
30.66,13.66
30.02,13.02
30.86,13.86
30.3,14.3
30.54,14.54
30.95,14.95
30.01,14.01
30.15,14.15
30.61,14.61
30.8,14.8
30.2,14.2
30.38,14.38
30.8,14.8
30.58,16.58
30.29,16.29
30.5,16.5
30.66,16.66
30.02,16.02
30.97,16.97
30.79,16.79
30.79,16.79
30.52,16.52
30.18,16.18
30.2,18.2
30.98,18.98
30.88,18.88
30.19,18.19
30.74,18.74
30.23,18.23
30.93,18.93
30.43,18.43
30.01,18.01
30.15,18.15
30.24,20.24
30.01,20.01
30.94,20.94
30.89,20.89
30.88,20.88
30.27,20.27
30.26,20.26
30.05,20.05
30.77,20.77
30.32,20.32
30.57,31.57
30.32,31.32
30.42,31.42
30.81,31.81
30.79,31.79
30.25,31.25
30.93,31.93
30.25,31.25
30.32,31.32
30.35,31.35
30.94,57.94
30.23,57.23
30.33,57.33
30.37,57.37
30.89,57.89
30.12,57.12
30.01,57.01
30.41,57.41
30.18,57.18
30.5,57.5
30.74,64.74
30.04,64.04
30.06,64.06
30.53,64.53
30.56,64.56
30.77,64.77
30.63,64.63
30.35,64.35
30.32,64.32
30.2,64.2
30.03,65.03
30.49,65.49
30.5,65.5
30.75,65.75
30.88,65.88
30.82,65.82
30.14,65.14
30.94,65.94
30.03,65.03
30.48,65.48
30.72,80.72
30.59,80.59
30.75,80.75
30.66,80.66
30.89,80.89
30.36,80.36
30.52,80.52
30.9,80.9
30.11,80.11
30.62,80.62
31.67,0.67
31.42,0.42
31.35,0.35
32.0,1.0
31.15,0.15
31.11,0.11
31.61,0.61
31.7,0.7
31.27,0.27
31.67,0.67
31.5,12.5
31.7,12.7
31.37,12.37
31.12,12.12
31.86,12.86
31.49,12.49
31.84,12.84
31.8,12.8
31.88,12.88
31.46,12.46
31.15,13.15
31.34,13.34
31.92,13.92
31.33,13.33
31.82,13.82
31.46,13.46
31.29,13.29
31.96,13.96
31.36,13.36
31.74,13.74
31.14,16.14
31.62,16.62
31.7,16.7
31.4,16.4
31.04,16.04
31.06,16.06
31.44,16.44
31.65,16.65
31.28,16.28
31.72,16.72
31.5,21.5
31.95,21.95
31.68,21.68
31.03,21.03
31.86,21.86
31.15,21.15
31.18,21.18
31.55,21.55
31.01,21.01
31.73,21.73
31.06,31.06
31.6,31.6
31.39,31.39
31.93,31.93
31.0,31.0
31.04,31.04
31.53,31.53
31.6,31.6
31.34,31.34
31.17,31.17
31.92,32.92
31.63,32.63
31.67,32.67
31.83,32.83
31.63,32.63
31.94,32.94
31.64,32.64
31.99,32.99
31.2,32.2
31.01,32.01
31.76,57.76
31.94,57.94
31.89,57.89
31.3,57.3
31.78,57.78
31.65,57.65
31.58,57.58
31.92,57.92
31.6,57.6
31.41,57.41
31.83,58.83
32.0,59.0
31.9,58.9
31.65,58.65
31.5,58.5
31.67,58.67
31.15,58.15
31.98,58.98
31.24,58.24
31.73,58.73
31.76,64.76
31.89,64.89
31.6,64.6
31.13,64.13
31.29,64.29
31.3,64.3
31.99,64.99
31.39,64.39
31.7,64.7
31.89,64.89
31.03,80.03
31.02,80.02
32.0,81.0
31.94,80.94
31.45,80.45
31.45,80.45
31.47,80.47
31.59,80.59
31.26,80.26
31.16,80.16
32.4,0.4
32.78,0.78
32.69,0.69
32.85,0.85
32.04,0.04
32.87,0.87
32.83,0.83
32.16,0.16
32.19,0.19
32.59,0.59
32.34,12.34
32.3,12.3
32.89,12.89
32.44,12.44
32.91,12.91
32.64,12.64
32.89,12.89
32.21,12.21
32.82,12.82
32.87,12.87
32.29,16.29
32.39,16.39
32.9,16.9
32.9,16.9
32.9,16.9
32.86,16.86
32.21,16.21
32.47,16.47
32.5,16.5
32.61,16.61
32.22,17.22
32.5,17.5
32.71,17.71
32.37,17.37
32.47,17.47
32.61,17.61
32.2,17.2
32.32,17.32
32.5,17.5
33.0,18.0
32.94,21.94
32.57,21.57
32.17,21.17
32.55,21.55
32.28,21.28
32.39,21.39
32.91,21.91
32.26,21.26
32.83,21.83
32.56,21.56
32.91,32.91
32.88,32.88
32.0,32.0
32.58,32.58
32.85,32.85
32.15,32.15
32.64,32.64
32.19,32.19
32.12,32.12
32.86,32.86
32.13,58.13
32.99,58.99
32.96,58.96
33.0,59.0
32.85,58.85
32.54,58.54
32.0,58.0
32.2,58.2
32.54,58.54
32.42,58.42
32.18,59.18
32.3,59.3
32.24,59.24
32.67,59.67
32.26,59.26
32.9,59.9
32.75,59.75
32.43,59.43
32.1,59.1
32.15,59.15
32.93,60.93
32.34,60.34
32.86,60.86
32.79,60.79
32.72,60.72
32.54,60.54
32.78,60.78
32.43,60.43
32.1,60.1
32.47,60.47
32.85,61.85
32.02,61.02
32.76,61.76
32.01,61.01
32.42,61.42
32.89,61.89
32.77,61.77
32.28,61.28
32.79,61.79
32.05,61.05
32.37,62.37
32.34,62.34
32.84,62.84
32.8,62.8
32.33,62.33
32.2,62.2
32.03,62.03
32.91,62.91
32.97,62.97
32.38,62.38
32.39,63.39
32.78,63.78
32.98,63.98
32.63,63.63
32.34,63.34
32.73,63.73
32.22,63.22
32.19,63.19
32.1,63.1
32.4,63.4
32.47,64.47
32.34,64.34
32.38,64.38
32.49,64.49
32.54,64.54
32.58,64.58
32.11,64.11
32.02,64.02
32.33,64.33
32.7,64.7
32.01,80.01
32.31,80.31
32.7,80.7
32.25,80.25
32.96,80.96
32.49,80.49
32.68,80.68
32.69,80.69
32.21,80.21
32.59,80.59
33.27,0.27
33.01,0.01
33.05,0.05
33.64,0.64
33.65,0.65
33.88,0.88
33.63,0.63
33.48,0.48
33.27,0.27
33.02,0.02
33.56,12.56
33.83,12.83
33.5,12.5
33.23,12.23
33.15,12.15
33.5,12.5
33.89,12.89
33.75,12.75
34.0,13.0
33.85,12.85
33.89,17.89
33.65,17.65
33.86,17.86
33.76,17.76
33.74,17.74
33.8,17.8
33.53,17.53
33.53,17.53
33.36,17.36
33.47,17.47
33.97,21.97
34.0,22.0
33.34,21.34
33.29,21.29
33.06,21.06
33.34,21.34
33.43,21.43
33.96,21.96
33.5,21.5
33.66,21.66
33.85,32.85
33.04,32.04
33.59,32.59
33.55,32.55
33.46,32.46
33.41,32.41
33.61,32.61
33.28,32.28
33.64,32.64
33.43,32.43
33.54,58.54
33.76,58.76
33.02,58.02
33.34,58.34
33.76,58.76
33.06,58.06
33.21,58.21
33.62,58.62
33.46,58.46
33.71,58.71
33.04,64.04
33.17,64.17
33.81,64.81
33.8,64.8
33.23,64.23
33.84,64.84
33.95,64.95
33.98,64.98
33.15,64.15
33.86,64.86
34.19,0.19
34.05,0.05
34.46,0.46
34.75,0.75
34.78,0.78
34.46,0.46
34.95,0.95
34.6,0.6
34.26,0.26
34.51,0.51
34.37,11.37
34.08,11.08
34.91,11.91
34.97,11.97
34.68,11.68
34.22,11.22
34.55,11.55
34.1,11.1
34.97,11.97
34.51,11.51
34.39,12.39
34.82,12.82
34.76,12.76
34.11,12.11
34.56,12.56
34.84,12.84
34.56,12.56
34.37,12.37
34.48,12.48
34.32,12.32
34.91,17.91
34.48,17.48
34.06,17.06
34.09,17.09
34.73,17.73
34.57,17.57
34.6,17.6
34.86,17.86
34.02,17.02
34.63,17.63
34.99,21.99
34.63,21.63
34.87,21.87
34.74,21.74
34.91,21.91
34.77,21.77
34.33,21.33
34.47,21.47
34.3,21.3
34.19,21.19
34.78,22.78
34.68,22.68
34.94,22.94
34.68,22.68
34.56,22.56
34.19,22.19
34.05,22.05
34.62,22.62
34.2,22.2
34.81,22.81
34.29,23.29
34.24,23.24
34.28,23.28
34.73,23.73
34.56,23.56
34.3,23.3
34.66,23.66
34.99,23.99
34.27,23.27
34.4,23.4
34.04,30.04
34.12,30.12
34.97,30.97
34.76,30.76
34.56,30.56
34.86,30.86
34.78,30.78
34.98,30.98
34.0,30.0
34.78,30.78
34.41,31.41
34.76,31.76
34.07,31.07
34.13,31.13
34.74,31.74
34.91,31.91
34.84,31.84
34.5,31.5
34.92,31.92
34.15,31.15
34.48,32.48
34.96,32.96
34.06,32.06
34.99,32.99
34.91,32.91
34.62,32.62
34.31,32.31
35.0,33.0
34.81,32.81
34.84,32.84
34.1,58.1
34.41,58.41
34.61,58.61
34.36,58.36
34.68,58.68
34.15,58.15
34.25,58.25
34.45,58.45
34.8,58.8
34.07,58.07
34.95,64.95
34.36,64.36
34.29,64.29
34.64,64.64
34.84,64.84
34.7,64.7
34.52,64.52
34.81,64.81
34.67,64.67
34.99,64.99
34.37,65.37
34.77,65.77
34.64,65.64
34.84,65.84
34.84,65.84
34.0,65.0
34.04,65.04
34.45,65.45
34.8,65.8
34.96,65.96
34.2,66.2
34.61,66.61
34.73,66.73
34.54,66.54
34.36,66.36
34.94,66.94
34.15,66.15
34.54,66.54
34.4,66.4
34.65,66.65
34.28,78.28
34.28,78.28
34.07,78.07
34.61,78.61
34.31,78.31
34.45,78.45
34.82,78.82
34.07,78.07
34.66,78.66
34.64,78.64
34.48,79.48
34.84,79.84
34.57,79.57
34.82,79.82
34.98,79.98
34.67,79.67
34.64,79.64
34.98,79.98
34.43,79.43
34.0,79.0
34.16,80.16
34.93,80.93
34.47,80.47
34.9,80.9
34.17,80.17
34.02,80.02
34.87,80.87
34.95,80.95
34.91,80.91
34.03,80.03
35.7,0.7
35.92,0.92
35.44,0.44
35.22,0.22
35.22,0.22
35.71,0.71
35.79,0.79
35.54,0.54
35.87,0.87
35.13,0.13
35.81,1.81
35.65,1.65
35.58,1.58
35.61,1.6099999999999999
35.82,1.8199999999999998
35.85,1.85
35.46,1.46
35.11,1.11
35.65,1.65
36.0,2.0
35.58,11.58
35.72,11.72
35.64,11.64
35.22,11.22
35.34,11.34
35.91,11.91
35.39,11.39
35.34,11.34
35.26,11.26
35.63,11.63
35.89,16.89
35.26,16.26
35.64,16.64
35.75,16.75
35.03,16.03
35.55,16.55
35.71,16.71
35.8,16.8
35.13,16.13
35.42,16.42
35.27,17.27
35.41,17.41
35.58,17.58
35.13,17.13
35.19,17.19
35.45,17.45
35.38,17.38
35.9,17.9
35.18,17.18
35.84,17.84
35.84,23.84
35.36,23.36
35.93,23.93
35.61,23.61
35.41,23.41
35.72,23.72
35.42,23.42
35.39,23.39
35.03,23.03
35.44,23.44
35.78,27.78
35.16,27.16
35.66,27.66
35.32,27.32
35.23,27.23
35.31,27.31
35.53,27.53
35.21,27.21
35.1,27.1
35.14,27.14
35.37,28.37
35.41,28.41
35.91,28.91
35.33,28.33
35.06,28.06
35.98,28.98
35.03,28.03
35.37,28.37
35.91,28.91
35.54,28.54
35.65,29.65
35.69,29.69
35.58,29.58
35.54,29.54
35.77,29.77
35.51,29.51
35.74,29.74
35.62,29.62
35.69,29.69
35.0,29.0
35.68,30.68
35.06,30.06
35.95,30.95
35.91,30.91
35.37,30.37
35.79,30.79
35.1,30.1
35.84,30.84
35.25,30.25
35.67,30.67
35.27,58.27
35.86,58.86
35.55,58.55
35.09,58.09
35.67,58.67
35.07,58.07
35.02,58.02
35.23,58.23
35.5,58.5
35.5,58.5
35.98,66.98
35.24,66.24
35.67,66.67
35.86,66.86
35.46,66.46
35.62,66.62
35.13,66.13
35.37,66.37
35.58,66.58
35.36,66.36
35.5,75.5
35.46,75.46
35.62,75.62
35.35,75.35
35.35,75.35
35.55,75.55
35.91,75.91
35.73,75.73
35.79,75.79
35.75,75.75
35.18,76.18
35.03,76.03
35.63,76.63
35.27,76.27
35.46,76.46
35.99,76.99
35.73,76.73
35.82,76.82
35.59,76.59
35.09,76.09
35.93,77.93
35.94,77.94
35.71,77.71
35.98,77.98
35.98,77.98
35.27,77.27
35.92,77.92
35.37,77.37
35.02,77.02
35.88,77.88
35.79,78.79
35.23,78.23
35.74,78.74
35.94,78.94
35.09,78.09
35.03,78.03
35.46,78.46
35.98,78.98
35.49,78.49
35.8,78.8
36.03,1.03
36.47,1.47
36.09,1.09
36.17,1.17
36.75,1.75
36.22,1.22
36.95,1.95
36.0,1.0
36.81,1.81
36.23,1.23
36.98,4.98
36.32,4.32
36.23,4.23
36.44,4.44
36.77,4.77
36.09,4.09
36.19,4.19
36.74,4.74
36.81,4.8100000000000005
36.14,4.14
36.58,5.58
36.12,5.12
36.06,5.06
36.47,5.47
36.78,5.78
36.87,5.87
36.77,5.77
36.79,5.79
36.57,5.57
36.36,5.36
36.47,6.47
36.1,6.1
36.96,6.96
36.27,6.27
36.92,6.92
36.46,6.46
36.38,6.38
36.3,6.3
36.21,6.21
36.89,6.89
36.85,7.85
36.78,7.78
36.05,7.05
36.04,7.04
36.25,7.25
36.02,7.02
36.13,7.13
36.38,7.38
36.43,7.43
36.25,7.25
36.2,11.2
36.29,11.29
36.04,11.04
36.63,11.63
36.6,11.6
36.07,11.07
36.21,11.21
36.47,11.47
36.34,11.34
36.74,11.74
36.91,16.91
36.34,16.34
36.95,16.95
36.67,16.67
36.51,16.51
36.22,16.22
36.81,16.81
36.41,16.41
36.88,16.88
36.68,16.68
36.99,23.99
36.97,23.97
36.43,23.43
36.56,23.56
36.54,23.54
36.67,23.67
36.09,23.09
36.86,23.86
36.91,23.91
36.12,23.12
36.35,24.35
36.03,24.03
36.77,24.77
36.46,24.46
36.91,24.91
36.73,24.73
36.1,24.1
36.07,24.07
36.85,24.85
36.37,24.37
36.0,25.0
36.04,25.04
36.86,25.86
36.08,25.08
36.46,25.46
36.44,25.44
36.93,25.93
36.09,25.09
36.08,25.08
36.04,25.04
36.44,26.44
36.94,26.94
36.06,26.06
36.96,26.96
36.54,26.54
36.57,26.57
36.44,26.44
36.81,26.81
36.6,26.6
36.95,26.95
36.19,27.19
36.06,27.06
36.46,27.46
36.08,27.08
36.86,27.86
36.1,27.1
36.49,27.49
36.63,27.63
36.44,27.44
36.58,27.58
37.0,59.0
36.34,58.34
36.08,58.08
36.52,58.52
36.59,58.59
36.08,58.08
36.99,58.99
36.9,58.9
36.0,58.0
36.72,58.72
36.96,66.96
36.4,66.4
36.03,66.03
36.04,66.04
36.04,66.04
36.8,66.8
36.78,66.78
36.56,66.56
36.77,66.77
36.36,66.36
36.42,68.42
36.49,68.49
36.8,68.8
36.52,68.52
36.17,68.17
36.53,68.53
36.38,68.38
36.53,68.53
36.49,68.49
36.5,68.5
36.43,75.43
36.54,75.54
36.76,75.76
36.02,75.02
36.2,75.2
36.46,75.46
36.91,75.91
36.2,75.2
36.93,75.93
36.13,75.13
37.42,1.42
37.73,1.73
37.04,1.04
37.12,1.12
37.41,1.41
37.14,1.1400000000000001
37.43,1.43
37.45,1.45
37.64,1.6400000000000001
37.0,1.0
37.83,2.83
37.64,2.64
37.25,2.25
37.43,2.43
37.16,2.16
37.19,2.19
37.19,2.19
37.08,2.08
37.43,2.43
37.79,2.79
37.2,3.2
37.95,3.95
37.21,3.21
37.36,3.36
37.65,3.65
37.29,3.29
37.92,3.92
37.93,3.93
37.44,3.44
37.09,3.09
37.72,7.72
37.91,7.91
37.27,7.27
37.59,7.59
37.35,7.35
37.23,7.23
37.2,7.2
37.73,7.73
37.26,7.26
37.74,7.74
37.79,8.79
37.96,8.96
37.8,8.8
37.84,8.84
37.94,8.94
37.53,8.53
37.25,8.25
37.6,8.6
37.27,8.27
37.96,8.96
37.45,9.45
37.44,9.44
37.34,9.34
37.82,9.82
37.76,9.76
37.85,9.85
37.81,9.81
37.38,9.38
37.88,9.88
37.55,9.55
37.71,10.71
37.22,10.22
37.47,10.47
37.17,10.17
37.84,10.84
37.44,10.44
37.74,10.74
37.29,10.29
37.16,10.16
37.27,10.27
37.43,11.43
37.52,11.52
37.79,11.79
37.34,11.34
37.17,11.17
37.74,11.74
37.84,11.84
37.76,11.76
37.3,11.3
37.18,11.18
37.25,16.25
37.97,16.97
37.7,16.7
37.57,16.57
37.69,16.69
37.03,16.03
37.63,16.63
37.64,16.64
37.56,16.56
37.8,16.8
37.52,58.52
37.85,58.85
37.29,58.29
37.56,58.56
37.61,58.61
37.28,58.28
37.76,58.76
37.64,58.64
37.15,58.15
37.4,58.4
37.38,59.38
37.3,59.3
37.85,59.85
37.28,59.28
37.17,59.17
37.49,59.49
37.22,59.22
37.64,59.64
37.0,59.0
37.5,59.5
37.82,60.82
37.0,60.0
37.59,60.59
37.61,60.61
37.17,60.17
37.94,60.94
37.86,60.86
37.44,60.44
37.55,60.55
37.73,60.73
37.96,68.96
37.64,68.64
37.63,68.63
37.99,68.99
37.11,68.11
37.59,68.59
37.08,68.08
37.58,68.58
37.26,68.26
37.58,68.58
37.38,69.38
37.92,69.92
37.34,69.34
37.94,69.94
37.39,69.39
37.59,69.59
37.02,69.02
37.79,69.79
37.28,69.28
37.18,69.18
37.26,70.26
37.72,70.72
37.85,70.85
37.1,70.1
37.42,70.42
37.2,70.2
37.16,70.16
37.0,70.0
37.91,70.91
37.03,70.03
37.25,71.25
37.76,71.76
37.27,71.27
37.96,71.96
37.93,71.93
37.38,71.38
37.83,71.83
37.32,71.32
37.34,71.34
37.04,71.04
37.95,72.95
37.03,72.03
37.91,72.91
37.71,72.71
37.68,72.68
37.19,72.19
37.6,72.6
37.41,72.41
37.09,72.09
37.87,72.87
37.71,73.71
37.47,73.47
37.85,73.85
37.67,73.67
37.07,73.07
37.5,73.5
37.75,73.75
37.83,73.83
37.66,73.66
37.9,73.9
37.51,75.51
37.24,75.24
37.74,75.74
37.73,75.73
37.82,75.82
37.32,75.32
37.7,75.7
37.52,75.52
37.73,75.73
37.24,75.24
38.57,16.57
38.06,16.06
38.16,16.16
38.76,16.76
38.19,16.19
38.43,16.43
38.69,16.69
38.65,16.65
38.11,16.11
38.96,16.96
38.18,60.18
38.61,60.61
38.39,60.39
38.01,60.01
38.53,60.53
38.18,60.18
38.27,60.27
38.18,60.18
38.61,60.61
38.01,60.01
39.59,16.59
39.49,16.49
39.53,16.53
39.44,16.44
39.52,16.52
39.47,16.47
39.77,16.77
39.65,16.65
39.78,16.78
39.82,16.82
39.34,18.34
39.26,18.26
39.86,18.86
39.77,18.77
40.0,19.0
39.26,18.26
39.54,18.54
39.38,18.38
39.59,18.59
39.4,18.4
40.02,16.02
41.0,17.0
40.09,16.09
40.34,16.34
40.53,16.53
40.41,16.41
40.7,16.7
40.5,16.5
40.84,16.84
40.68,16.68
40.6,18.6
40.07,18.07
40.73,18.73
40.72,18.72
40.51,18.51
40.01,18.01
40.97,18.97
40.55,18.55
40.56,18.56
40.26,18.26
40.85,58.85
40.8,58.8
40.98,58.98
40.34,58.34
40.21,58.21
40.31,58.31
40.91,58.91
40.09,58.09
40.61,58.61
41.0,59.0
40.93,59.93
40.89,59.89
40.86,59.86
40.73,59.73
40.4,59.4
40.17,59.17
40.68,59.68
40.69,59.69
40.19,59.19
41.0,60.0
40.41,60.41
40.34,60.34
40.42,60.42
40.92,60.92
40.02,60.02
40.82,60.82
40.93,60.93
40.24,60.24
40.58,60.58
40.65,60.65
41.01,19.01
41.3,19.3
41.39,19.39
41.95,19.95
41.84,19.84
41.44,19.44
41.29,19.29
41.99,19.99
41.88,19.88
41.45,19.45
41.54,27.54
41.57,27.57
41.25,27.25
41.07,27.07
41.42,27.42
41.47,27.47
41.6,27.6
41.53,27.53
41.36,27.36
41.83,27.83
41.82,28.82
41.87,28.87
41.24,28.24
41.21,28.21
41.42,28.42
41.01,28.01
41.24,28.24
41.29,28.29
41.32,28.32
41.75,28.75
41.1,58.1
41.94,58.94
41.38,58.38
41.17,58.17
41.38,58.38
41.16,58.16
41.51,58.51
41.0,58.0
41.06,58.06
41.19,58.19
42.61,19.61
42.22,19.22
42.46,19.46
42.36,19.36
42.36,19.36
42.17,19.17
42.4,19.4
42.91,19.91
42.25,19.25
42.86,19.86
42.31,20.31
42.99,20.99
42.63,20.63
42.64,20.64
42.9,20.9
42.59,20.59
42.57,20.57
42.18,20.18
42.46,20.46
42.94,20.94
42.92,24.92
42.75,24.75
42.49,24.49
42.34,24.34
42.06,24.06
42.56,24.56
42.94,24.94
42.96,24.96
42.34,24.34
42.64,24.64
42.23,25.23
42.8,25.8
42.85,25.85
42.6,25.6
42.12,25.12
42.91,25.91
42.19,25.19
42.02,25.02
42.45,25.45
42.76,25.76
42.33,27.33
42.14,27.14
42.63,27.63
42.1,27.1
42.48,27.48
42.3,27.3
42.82,27.82
42.46,27.46
42.65,27.65
42.07,27.07
42.41,28.41
42.53,28.53
42.74,28.74
42.9,28.9
42.06,28.06
42.8,28.8
42.94,28.94
42.72,28.72
42.98,28.98
42.92,28.92
42.13,35.13
42.52,35.52
42.79,35.79
42.81,35.81
42.16,35.16
42.99,35.99
42.42,35.42
42.98,35.98
42.89,35.89
42.71,35.71
42.96,36.96
42.78,36.78
42.13,36.13
42.27,36.27
42.48,36.48
42.67,36.67
42.37,36.37
42.63,36.63
42.13,36.13
42.71,36.71
42.95,37.95
42.91,37.91
42.1,37.1
42.95,37.95
42.88,37.88
42.26,37.26
42.24,37.24
42.71,37.71
42.06,37.06
42.24,37.24
42.94,42.94
42.2,42.2
42.12,42.12
42.72,42.72
42.82,42.82
42.48,42.48
42.11,42.11
42.3,42.3
42.25,42.25
42.81,42.81
42.46,43.46
42.82,43.82
42.39,43.39
42.78,43.78
42.68,43.68
42.61,43.61
42.15,43.15
42.06,43.06
42.13,43.13
42.78,43.78
42.39,44.39
42.52,44.52
42.52,44.52
42.93,44.93
42.62,44.62
42.89,44.89
42.63,44.63
42.85,44.85
42.08,44.08
42.01,44.01
42.96,45.96
42.26,45.26
42.09,45.09
42.99,45.99
42.61,45.61
42.57,45.57
42.35,45.35
42.87,45.87
42.57,45.57
42.0,45.0
42.99,46.99
42.32,46.32
42.73,46.73
42.94,46.94
42.3,46.3
42.92,46.92
42.21,46.21
42.01,46.01
42.27,46.27
42.88,46.88
42.87,51.87
42.74,51.74
42.86,51.86
42.82,51.82
42.9,51.9
42.33,51.33
42.81,51.81
42.72,51.72
42.08,51.08
42.35,51.35
42.42,52.42
42.22,52.22
42.58,52.58
42.42,52.42
42.98,52.98
42.61,52.61
42.51,52.51
42.62,52.62
42.14,52.14
42.95,52.95
42.43,53.43
42.5,53.5
42.26,53.26
42.94,53.94
42.51,53.51
42.78,53.78
42.9,53.9
42.18,53.18
42.27,53.27
42.03,53.03
42.68,54.68
42.12,54.12
42.62,54.62
42.07,54.07
43.0,55.0
42.3,54.3
42.36,54.36
42.66,54.66
42.55,54.55
42.01,54.01
42.9,55.9
42.68,55.68
42.07,55.07
42.02,55.02
42.53,55.53
42.84,55.84
42.01,55.01
42.34,55.34
42.52,55.52
42.65,55.65
42.82,56.82
42.97,56.97
42.15,56.15
42.86,56.86
42.72,56.72
42.95,56.95
42.67,56.67
42.29,56.29
42.23,56.23
42.34,56.34
42.69,57.69
42.01,57.01
42.17,57.17
42.25,57.25
42.96,57.96
42.5,57.5
42.65,57.65
42.85,57.85
42.41,57.41
42.02,57.02
42.18,58.18
42.04,58.04
42.59,58.59
42.41,58.41
42.44,58.44
42.45,58.45
42.74,58.74
42.26,58.26
43.0,59.0
42.23,58.23
43.63,21.63
43.24,21.24
43.6,21.6
43.42,21.42
43.98,21.98
43.38,21.38
43.42,21.42
43.29,21.29
43.17,21.17
43.26,21.26
43.04,22.04
43.75,22.75
43.13,22.13
43.96,22.96
43.97,22.97
43.6,22.6
43.43,22.43
43.75,22.75
43.96,22.96
43.81,22.81
43.39,23.39
43.72,23.72
43.22,23.22
43.45,23.45
43.3,23.3
43.44,23.44
43.75,23.75
43.75,23.75
43.89,23.89
43.98,23.98
43.75,24.75
43.14,24.14
43.87,24.87
43.11,24.11
43.83,24.83
43.09,24.09
43.7,24.7
43.09,24.09
43.8,24.8
43.22,24.22
43.93,28.93
43.32,28.32
43.86,28.86
43.69,28.69
43.88,28.88
43.2,28.2
43.18,28.18
43.55,28.55
43.5,28.5
43.62,28.62
44.0,32.0
43.0,31.0
43.62,31.62
43.39,31.39
43.22,31.22
43.09,31.09
43.74,31.74
43.76,31.76
43.34,31.34
43.04,31.04
43.72,32.72
43.33,32.33
43.89,32.89
43.24,32.24
43.72,32.72
43.94,32.94
44.0,33.0
43.15,32.15
43.09,32.09
43.65,32.65
43.39,33.39
43.87,33.87
43.05,33.05
43.47,33.47
43.31,33.31
43.22,33.22
43.14,33.14
43.43,33.43
43.55,33.55
43.42,33.42
43.77,35.77
43.33,35.33
43.91,35.91
43.67,35.67
43.46,35.46
43.89,35.89
43.25,35.25
43.82,35.82
43.28,35.28
43.12,35.12
43.06,42.06
43.08,42.08
43.8,42.8
43.57,42.57
43.58,42.58
43.05,42.05
43.08,42.08
43.39,42.39
43.18,42.18
43.36,42.36
43.53,46.53
43.98,46.98
43.39,46.39
43.54,46.54
43.21,46.21
43.94,46.94
43.56,46.56
43.22,46.22
43.29,46.29
43.62,46.62
43.42,47.42
43.87,47.87
43.67,47.67
43.99,47.99
43.29,47.29
43.72,47.72
43.12,47.12
43.71,47.71
43.53,47.53
43.39,47.39
43.56,48.56
43.98,48.98
43.2,48.2
43.07,48.07
43.08,48.08
43.86,48.86
43.6,48.6
43.94,48.94
43.34,48.34
43.55,48.55
44.78,30.78
44.93,30.93
44.98,30.98
44.94,30.94
44.62,30.62
44.21,30.21
44.32,30.32
44.9,30.9
44.44,30.44
44.9,30.9
44.68,31.68
44.37,31.37
44.63,31.63
44.5,31.5
44.4,31.4
44.77,31.77
44.79,31.79
44.6,31.6
44.08,31.08
44.77,31.77
44.03,34.03
44.96,34.96
44.62,34.62
44.42,34.42
44.29,34.29
44.97,34.97
44.27,34.27
44.22,34.22
44.13,34.13
44.8,34.8
44.17,35.17
44.57,35.57
44.23,35.23
44.44,35.44
44.13,35.13
44.68,35.68
44.7,35.7
44.66,35.66
44.1,35.1
44.96,35.96
44.79,37.79
44.86,37.86
44.6,37.6
44.58,37.58
44.06,37.06
44.48,37.48
44.07,37.07
44.22,37.22
44.7,37.7
44.57,37.57
44.3,38.3
44.78,38.78
44.17,38.17
44.09,38.09
44.77,38.77
44.55,38.55
44.11,38.11
44.85,38.85
44.73,38.73
44.86,38.86
44.2,39.2
44.19,39.19
44.56,39.56
44.06,39.06
44.4,39.4
44.22,39.22
44.63,39.63
44.48,39.48
44.62,39.62
44.92,39.92
44.62,40.62
44.35,40.35
44.87,40.87
45.0,41.0
44.57,40.57
44.42,40.42
45.0,41.0
44.32,40.32
44.4,40.4
44.84,40.84
44.33,42.33
44.11,42.11
44.66,42.66
44.24,42.24
44.54,42.54
44.99,42.99
44.09,42.09
44.82,42.82
44.57,42.57
44.35,42.35
44.75,48.75
44.51,48.51
44.77,48.77
44.37,48.37
44.52,48.52
44.1,48.1
44.25,48.25
44.4,48.4
44.39,48.39
44.78,48.78
44.18,49.18
44.97,49.97
44.98,49.98
44.3,49.3
44.51,49.51
44.29,49.29
44.81,49.81
44.69,49.69
44.53,49.53
44.9,49.9
44.88,50.88
44.2,50.2
44.05,50.05
44.15,50.15
44.19,50.19
44.8,50.8
44.38,50.38
44.87,50.87
44.66,50.66
44.73,50.73
44.73,51.73
44.69,51.69
44.76,51.76
44.96,51.96
44.55,51.55
44.4,51.4
44.34,51.34
44.53,51.53
44.92,51.92
44.95,51.95
45.69,38.69
45.12,38.12
45.51,38.51
45.38,38.38
45.67,38.67
45.51,38.51
45.81,38.81
45.36,38.36
45.24,38.24
45.11,38.11
46.78,38.78
46.47,38.47
46.92,38.92
46.39,38.39
46.52,38.52
46.44,38.44
46.96,38.96
46.47,38.47
46.02,38.02
46.28,38.28
46.32,39.32
46.6,39.6
46.76,39.76
46.47,39.47
46.59,39.59
46.24,39.24
46.46,39.46
46.12,39.12
46.9,39.9
46.23,39.23
47.0,39.0
47.61,39.61
47.4,39.4
47.33,39.33
47.74,39.74
47.0,39.0
47.48,39.48
47.99,39.99
47.17,39.17
47.24,39.24
48.46,39.46
48.41,39.41
48.51,39.51
48.84,39.84
48.12,39.12
48.84,39.84
48.18,39.18
48.75,39.75
48.25,39.25
48.2,39.2
49.2,39.2
49.93,39.93
49.28,39.28
49.97,39.97
49.74,39.74
49.32,39.32
49.58,39.58
49.33,39.33
49.12,39.12
49.33,39.33
50.82,37.82
50.49,37.49
50.93,37.93
50.39,37.39
50.89,37.89
50.83,37.83
50.49,37.49
50.78,37.78
50.35,37.35
50.8,37.8
50.55,38.55
50.7,38.7
50.51,38.51
50.93,38.93
50.48,38.48
50.1,38.1
50.12,38.12
50.26,38.26
50.97,38.97
50.45,38.45
50.22,39.22
50.12,39.12
50.24,39.24
50.66,39.66
50.23,39.23
50.4,39.4
50.92,39.92
50.93,39.93
50.85,39.85
50.23,39.23
51.0,37.0
51.38,37.38
51.71,37.71
51.85,37.85
51.25,37.25
51.85,37.85
51.85,37.85
51.56,37.56
51.13,37.13
51.3,37.3
52.71,37.71
52.43,37.43
52.68,37.68
52.72,37.72
52.96,37.96
52.33,37.33
52.99,37.99
52.1,37.1
52.65,37.65
53.0,38.0
53.62,37.62
53.72,37.72
53.44,37.44
53.99,37.99
53.77,37.77
53.07,37.07
53.54,37.54
53.62,37.62
53.29,37.29
53.8,37.8
54.96,37.96
54.72,37.72
54.23,37.23
54.62,37.62
54.23,37.23
54.75,37.75
54.32,37.32
54.11,37.11
54.71,37.71
54.45,37.45
55.9,37.9
55.64,37.64
55.84,37.84
55.1,37.1
55.26,37.26
55.44,37.44
55.86,37.86
55.96,37.96
55.3,37.3
55.59,37.59
55.42,38.42
55.03,38.03
55.85,38.85
55.73,38.73
55.86,38.86
55.31,38.31
55.7,38.7
55.23,38.23
55.41,38.41
55.7,38.7
56.28,38.28
56.85,38.85
56.21,38.21
56.35,38.35
56.8,38.8
56.73,38.73
56.58,38.58
56.39,38.39
56.89,38.89
56.61,38.61
57.67,38.67
57.73,38.73
57.01,38.01
57.37,38.37
57.1,38.1
57.35,38.35
57.12,38.12
57.39,38.39
57.22,38.22
57.18,38.18
58.15,39.15
58.8,39.8
58.61,39.61
58.48,39.48
58.14,39.14
58.06,39.06
58.8,39.8
58.09,39.09
58.72,39.72
58.65,39.65
59.1,39.1
59.22,39.22
59.31,39.31
59.02,39.02
59.59,39.59
59.78,39.78
59.02,39.02
59.79,39.79
59.1,39.1
59.66,39.66
60.38,39.38
60.47,39.47
60.33,39.33
60.8,39.8
60.47,39.47
60.0,39.0
60.14,39.14
60.85,39.85
60.2,39.2
60.45,39.45
61.79,39.79
61.79,39.79
61.31,39.31
61.48,39.48
61.54,39.54
61.09,39.09
61.09,39.09
61.97,39.97
61.94,39.94
61.92,39.92
62.39,38.39
62.75,38.75
62.04,38.04
62.23,38.23
62.24,38.24
62.46,38.46
62.28,38.28
62.82,38.82
62.14,38.14
62.2,38.2
62.07,39.07
62.27,39.27
62.22,39.22
62.75,39.75
62.27,39.27
63.0,40.0
62.12,39.12
62.63,39.63
62.85,39.85
62.57,39.57
63.98,38.98
63.11,38.11
63.59,38.59
63.28,38.28
63.56,38.56
63.28,38.28
63.53,38.53
63.17,38.17
63.3,38.3
63.93,38.93
64.66,38.66
64.57,38.57
64.34,38.34
64.64,38.64
64.39,38.39
64.37,38.37
64.69,38.69
64.55,38.55
64.32,38.32
64.65,38.65
65.13,38.13
65.19,38.19
65.55,38.55
65.37,38.37
65.03,38.03
65.6,38.6
65.84,38.84
65.22,38.22
65.28,38.28
65.18,38.18
65.42,39.42
65.19,39.19
65.03,39.03
65.78,39.78
65.9,39.9
65.32,39.32
65.89,39.89
65.66,39.66
65.64,39.64
65.92,39.92
66.86,39.86
66.25,39.25
66.42,39.42
66.36,39.36
66.53,39.53
66.59,39.59
66.83,39.83
66.95,39.95
66.83,39.83
66.37,39.37
67.7,39.7
67.76,39.76
67.58,39.58
68.0,40.0
67.06,39.06
67.92,39.92
67.96,39.96
67.28,39.28
67.66,39.66
67.48,39.48
69.52,39.52
69.68,39.68
69.58,39.58
69.4,39.4
69.36,39.36
69.73,39.73
69.22,39.22
69.07,39.07
69.88,39.88
69.61,39.61
70.32,39.32
70.79,39.79
70.44,39.44
70.29,39.29
70.14,39.14
70.74,39.74
70.84,39.84
70.87,39.87
70.39,39.39
70.46,39.46
