2.34,30.34
2.1,30.1
2.91,30.91
2.62,30.62
2.17,30.17
2.4699999999999998,30.47
2.34,30.34
2.54,30.54
2.89,30.89
2.69,30.69
2.73,31.73
2.2,31.2
2.62,31.62
2.99,31.99
2.09,31.09
2.66,31.66
2.86,31.86
2.3,31.3
2.38,31.38
2.52,31.52
2.65,32.65
2.16,32.16
2.89,32.89
2.4,32.4
2.48,32.48
2.77,32.77
2.95,32.95
2.08,32.08
2.65,32.65
2.11,32.11
2.65,33.65
2.37,33.37
2.05,33.05
2.37,33.37
2.12,33.12
2.36,33.36
2.15,33.15
2.52,33.52
2.99,33.99
2.27,33.27
2.11,34.11
2.77,34.77
2.7,34.7
2.32,34.32
2.94,34.94
2.3,34.3
2.84,34.84
2.4,34.4
2.1,34.1
2.7,34.7
2.67,35.67
2.54,35.54
2.34,35.34
2.26,35.26
2.12,35.12
2.3,35.3
2.98,35.98
3.0,36.0
2.4699999999999998,35.47
2.99,35.99
3.32,7.32
3.35,7.35
3.66,7.66
3.1,7.1
3.9699999999999998,7.97
3.75,7.75
3.5,7.5
3.52,7.52
3.74,7.74
3.89,7.89
3.73,8.73
3.41,8.41
3.05,8.05
3.96,8.96
3.66,8.66
3.85,8.85
3.61,8.61
3.32,8.32
3.12,8.12
3.22,8.22
3.41,9.41
3.82,9.82
3.93,9.93
3.96,9.96
3.67,9.67
3.1,9.1
3.7199999999999998,9.72
3.18,9.18
3.79,9.79
3.48,9.48
3.9,10.9
3.41,10.41
3.7800000000000002,10.78
3.65,10.65
3.84,10.84
3.38,10.38
3.94,10.94
3.31,10.31
3.16,10.16
3.95,10.95
3.5,12.5
3.41,12.41
3.5300000000000002,12.53
3.21,12.21
3.85,12.85
3.48,12.48
3.99,12.99
3.94,12.94
3.98,12.98
3.82,12.82
3.02,13.02
3.56,13.56
3.64,13.64
3.98,13.98
3.41,13.41
3.02,13.02
3.66,13.66
3.14,13.14
3.08,13.08
3.37,13.37
3.19,24.19
3.33,24.33
3.32,24.32
3.08,24.08
3.5,24.5
3.62,24.62
3.7199999999999998,24.72
3.92,24.92
3.0,24.0
3.67,24.67
3.77,25.77
3.51,25.51
3.76,25.76
3.4,25.4
3.03,25.03
3.9,25.9
3.17,25.17
3.8,25.8
3.2800000000000002,25.28
3.26,25.26
3.5,26.5
3.01,26.01
3.81,26.81
3.41,26.41
3.66,26.66
3.84,26.84
3.81,26.81
3.48,26.48
3.74,26.74
3.55,26.55
3.61,27.61
3.71,27.71
3.57,27.57
3.92,27.92
3.37,27.37
3.13,27.13
3.39,27.39
3.71,27.71
3.29,27.29
3.52,27.52
3.48,28.48
3.31,28.31
3.05,28.05
3.06,28.06
3.86,28.86
3.99,28.99
3.19,28.19
3.27,28.27
3.07,28.07
3.52,28.52
3.84,29.84
3.6,29.6
3.43,29.43
3.56,29.56
3.2800000000000002,29.28
3.91,29.91
3.61,29.61
3.58,29.58
3.66,29.66
3.58,29.58
3.95,30.95
3.42,30.42
3.46,30.46
3.11,30.11
3.7800000000000002,30.78
3.67,30.67
3.61,30.61
3.21,30.21
3.18,30.18
3.39,30.39
3.82,32.82
3.56,32.56
3.65,32.65
3.77,32.77
3.38,32.38
3.12,32.12
3.58,32.58
3.29,32.29
3.49,32.49
3.11,32.11
3.22,35.22
3.31,35.31
3.45,35.45
3.77,35.77
3.39,35.39
3.4699999999999998,35.47
3.24,35.24
3.05,35.05
3.0,35.0
3.9,35.9
3.79,36.79
3.79,36.79
3.79,36.79
3.29,36.29
3.98,36.98
3.92,36.92
3.03,36.03
3.12,36.12
3.69,36.69
3.5300000000000002,36.53
3.96,36.96
3.25,36.25
3.14,36.14
3.43,36.43
3.58,36.58
3.52,36.52
3.64,36.64
3.67,36.67
3.44,36.44
3.14,36.14
3.55,37.55
3.76,37.76
3.08,37.08
3.25,37.25
3.04,37.04
3.07,37.07
3.62,37.62
3.41,37.41
3.36,37.36
3.5300000000000002,37.53
3.55,38.55
3.2,38.2
3.83,38.83
3.57,38.57
3.68,38.68
3.83,38.83
3.59,38.59
3.18,38.18
3.81,38.81
3.12,38.12
4.16,7.16
4.99,7.99
4.99,7.99
4.9,7.9
4.43,7.43
4.79,7.79
4.92,7.92
5.0,8.0
4.08,7.08
4.32,7.32
4.82,14.82
4.83,14.83
4.26,14.26
4.1,14.1
4.43,14.43
4.47,14.47
4.4,14.4
4.98,14.98
4.52,14.52
4.44,14.44
4.44,15.44
4.98,15.98
4.48,15.48
4.29,15.29
4.11,15.11
4.73,15.73
4.59,15.59
4.16,15.16
4.64,15.64
4.51,15.51
4.85,16.85
4.4,16.4
4.61,16.61
4.6899999999999995,16.69
5.0,17.0
4.76,16.76
4.57,16.57
4.07,16.07
4.38,16.38
4.32,16.32
4.84,24.84
4.01,24.01
4.55,24.55
4.84,24.84
4.58,24.58
4.18,24.18
4.86,24.86
5.0,25.0
4.93,24.93
4.61,24.61
4.09,38.09
4.24,38.24
4.8100000000000005,38.81
4.32,38.32
4.96,38.96
4.58,38.58
4.66,38.66
4.51,38.51
4.37,38.37
4.78,38.78
5.99,1.99
5.16,1.16
5.19,1.19
5.7,1.7
5.52,1.52
5.38,1.38
5.78,1.78
5.15,1.15
5.86,1.8599999999999999
5.74,1.74
5.31,2.31
5.21,2.21
5.37,2.37
5.32,2.32
5.77,2.77
5.63,2.63
5.63,2.63
5.13,2.13
5.27,2.27
5.51,2.51
5.66,3.66
5.89,3.89
5.18,3.18
5.8,3.8
5.35,3.35
5.33,3.33
5.25,3.25
5.8100000000000005,3.81
5.8100000000000005,3.81
5.28,3.2800000000000002
5.6,4.6
5.97,4.97
5.63,4.63
5.33,4.33
5.34,4.34
5.04,4.04
5.83,4.83
5.92,4.92
5.19,4.19
5.37,4.37
5.4,4.4
5.19,4.19
5.57,4.57
5.58,4.58
5.59,4.59
5.3,4.3
5.55,4.55
5.6,4.6
5.38,4.38
5.04,4.04
5.04,5.04
5.29,5.29
5.88,5.88
5.75,5.75
5.8100000000000005,5.8100000000000005
5.48,5.48
5.5,5.5
5.12,5.12
5.06,5.06
5.33,5.33
5.71,6.71
5.36,6.36
5.71,6.71
5.17,6.17
5.4,6.4
5.39,6.39
5.13,6.13
5.41,6.41
5.45,6.45
5.57,6.57
5.98,7.98
5.2,7.2
5.48,7.48
5.76,7.76
5.08,7.08
5.95,7.95
5.99,7.99
5.6899999999999995,7.6899999999999995
5.05,7.05
5.28,7.28
5.04,16.04
5.59,16.59
5.46,16.46
5.4,16.4
5.6,16.6
5.78,16.78
5.98,16.98
5.98,16.98
5.37,16.37
5.5600000000000005,16.56
5.97,24.97
5.12,24.12
5.09,24.09
5.65,24.65
5.41,24.41
5.99,24.99
5.93,24.93
5.98,24.98
5.64,24.64
5.96,24.96
5.21,38.21
5.12,38.12
5.07,38.07
5.12,38.12
5.27,38.27
5.61,38.61
5.88,38.88
5.25,38.25
5.65,38.65
5.22,38.22
6.52,1.52
6.25,1.25
6.26,1.26
6.16,1.16
6.9,1.9
6.75,1.75
6.83,1.83
6.09,1.09
6.0,1.0
6.64,1.6400000000000001
6.5600000000000005,16.56
6.05,16.05
6.53,16.53
6.12,16.12
6.17,16.17
6.83,16.83
6.3,16.3
6.98,16.98
6.15,16.15
6.04,16.04
6.23,17.23
6.33,17.33
6.78,17.78
6.76,17.76
6.9399999999999995,17.94
6.5,17.5
6.92,17.92
6.16,17.16
6.66,17.66
6.78,17.78
6.71,18.71
6.34,18.34
6.13,18.13
6.93,18.93
6.44,18.44
6.13,18.13
6.85,18.85
6.76,18.76
6.17,18.17
6.47,18.47
6.91,19.91
6.62,19.62
6.5,19.5
6.17,19.17
6.74,19.74
6.99,19.99
6.57,19.57
6.0,19.0
6.15,19.15
6.79,19.79
6.37,20.37
6.35,20.35
6.65,20.65
6.51,20.51
6.5600000000000005,20.56
6.74,20.74
6.28,20.28
6.87,20.87
6.15,20.15
6.43,20.43
6.89,21.89
6.19,21.19
6.99,21.99
6.38,21.38
6.02,21.02
6.23,21.23
6.93,21.93
6.98,21.98
6.8,21.8
6.15,21.15
6.01,22.01
6.63,22.63
6.97,22.97
6.79,22.79
6.4,22.4
6.24,22.24
6.31,22.31
6.04,22.04
6.62,22.62
6.22,22.22
6.02,23.02
6.49,23.49
6.09,23.09
6.77,23.77
6.48,23.48
6.67,23.67
6.39,23.39
6.22,23.22
6.48,23.48
6.9,23.9
6.45,24.45
6.0,24.0
6.41,24.41
6.28,24.28
6.38,24.38
6.11,24.11
6.49,24.49
7.0,25.0
6.83,24.83
6.43,24.43
6.87,25.87
6.77,25.77
6.3,25.3
6.08,25.08
6.1,25.1
6.8,25.8
6.07,25.07
6.9,25.9
7.0,26.0
6.11,25.11
6.16,26.16
6.14,26.14
6.74,26.74
6.52,26.52
6.57,26.57
6.46,26.46
6.4,26.4
6.34,26.34
6.16,26.16
6.89,26.89
7.78,1.78
7.39,1.3900000000000001
7.64,1.6400000000000001
7.91,1.9100000000000001
7.66,1.6600000000000001
7.22,1.22
7.8,1.8
7.08,1.08
7.99,1.99
7.91,1.9100000000000001
7.43,17.43
7.0,17.0
7.66,17.66
7.12,17.12
7.59,17.59
7.6,17.6
7.6899999999999995,17.69
7.24,17.24
7.75,17.75
7.61,17.61
7.17,23.17
7.52,23.52
7.93,23.93
7.5600000000000005,23.56
7.22,23.22
7.49,23.49
7.05,23.05
7.33,23.33
7.8100000000000005,23.81
7.26,23.26
7.87,26.87
7.64,26.64
7.74,26.74
7.64,26.64
7.67,26.67
7.61,26.61
7.27,26.27
7.53,26.53
7.18,26.18
7.99,26.99
7.01,38.01
7.28,38.28
7.02,38.02
7.09,38.09
7.59,38.59
8.0,39.0
7.07,38.07
7.05,38.05
7.8100000000000005,38.81
7.23,38.23
7.38,39.38
7.68,39.68
7.3,39.3
7.92,39.92
7.08,39.08
7.73,39.73
7.43,39.43
7.93,39.93
7.7,39.7
7.41,39.41
8.19,1.19
8.4,1.4
8.87,1.87
8.5,1.5
8.62,1.62
8.84,1.8399999999999999
8.95,1.95
8.52,1.52
8.38,1.38
8.79,1.79
8.73,15.73
8.55,15.55
8.92,15.92
8.69,15.69
8.2,15.2
8.7,15.7
8.3,15.3
8.09,15.09
8.17,15.17
8.36,15.36
8.09,16.09
8.85,16.85
8.26,16.26
8.06,16.06
8.8,16.8
8.29,16.29
8.83,16.83
8.25,16.25
8.59,16.59
8.61,16.61
8.96,17.96
8.38,17.38
8.59,17.59
8.46,17.46
8.03,17.03
8.61,17.61
8.88,17.88
8.15,17.15
8.04,17.04
8.14,17.14
8.66,18.66
8.89,18.89
8.84,18.84
8.43,18.43
8.3,18.3
8.93,18.93
8.52,18.52
8.27,18.27
8.04,18.04
8.09,18.09
8.03,26.03
8.11,26.11
8.88,26.88
8.95,26.95
8.22,26.22
8.57,26.57
8.7,26.7
8.86,26.86
8.99,26.99
8.09,26.09
8.28,39.28
8.8,39.8
8.19,39.19
8.42,39.42
8.06,39.06
8.87,39.87
8.76,39.76
8.99,39.99
8.98,39.98
8.27,39.27
9.76,1.76
9.58,1.58
9.22,1.22
9.53,1.53
9.67,1.67
9.19,1.19
9.6,1.6
9.44,1.44
9.12,1.12
9.39,1.3900000000000001
9.69,15.69
9.11,15.11
9.03,15.03
9.16,15.16
9.28,15.28
9.17,15.17
9.01,15.01
9.54,15.54
9.09,15.09
9.1,15.1
9.08,18.08
9.4,18.4
9.88,18.88
9.01,18.01
9.49,18.49
9.89,18.89
9.03,18.03
9.86,18.86
9.73,18.73
9.16,18.16
9.72,23.72
9.16,23.16
9.1,23.1
9.73,23.73
9.91,23.91
9.7,23.7
9.7,23.7
9.13,23.13
9.19,23.19
9.91,23.91
9.66,26.66
9.49,26.49
9.41,26.41
9.81,26.81
9.51,26.51
9.14,26.14
9.64,26.64
9.0,26.0
9.06,26.06
9.27,26.27
9.35,39.35
9.02,39.02
9.73,39.73
9.28,39.28
9.83,39.83
9.45,39.45
9.37,39.37
9.65,39.65
9.5,39.5
9.74,39.74
10.01,1.01
10.5,1.5
10.08,1.08
10.67,1.67
10.7,1.7
10.18,1.18
10.42,1.42
10.73,1.73
10.55,1.55
10.71,1.71
10.25,15.25
10.55,15.55
10.43,15.43
10.26,15.26
10.08,15.08
10.98,15.98
10.77,15.77
10.4,15.4
10.19,15.19
10.98,15.98
10.96,18.96
10.28,18.28
10.1,18.1
10.52,18.52
10.16,18.16
10.61,18.61
10.91,18.91
10.59,18.59
10.0,18.0
10.85,18.85
10.19,23.19
10.61,23.61
10.19,23.19
10.1,23.1
10.7,23.7
10.37,23.37
10.47,23.47
10.12,23.12
10.05,23.05
10.58,23.58
10.83,26.83
10.56,26.56
10.28,26.28
10.51,26.51
10.27,26.27
10.31,26.31
10.52,26.52
10.13,26.13
10.71,26.71
10.97,26.97
10.18,27.18
10.69,27.69
10.4,27.4
10.91,27.91
10.74,27.74
10.33,27.33
10.38,27.38
10.77,27.77
10.73,27.73
10.07,27.07
10.01,29.01
10.71,29.71
10.35,29.35
10.24,29.24
10.51,29.51
10.09,29.09
10.77,29.77
10.27,29.27
10.0,29.0
10.32,29.32
10.63,30.63
10.45,30.45
10.26,30.26
10.13,30.13
10.95,30.95
10.42,30.42
10.27,30.27
10.19,30.19
10.54,30.54
10.89,30.89
10.66,39.66
10.23,39.23
10.71,39.71
10.89,39.89
10.89,39.89
10.08,39.08
10.54,39.54
10.14,39.14
10.88,39.88
10.48,39.48
11.81,1.81
11.81,1.81
11.05,1.05
11.48,1.48
11.89,1.8900000000000001
11.71,1.71
11.69,1.69
11.38,1.38
11.3,1.3
11.04,1.04
11.23,18.23
11.02,18.02
11.13,18.13
11.93,18.93
11.19,18.19
11.47,18.47
11.29,18.29
11.07,18.07
11.85,18.85
11.7,18.7
11.2,19.2
11.9,19.9
11.94,19.94
11.03,19.03
11.78,19.78
11.7,19.7
11.42,19.42
11.29,19.29
11.46,19.46
11.89,19.89
11.49,23.49
11.6,23.6
11.96,23.96
12.0,24.0
11.78,23.78
11.31,23.31
11.05,23.05
11.56,23.56
11.77,23.77
11.21,23.21
11.19,30.19
11.42,30.42
11.15,30.15
11.33,30.33
11.87,30.87
11.8,30.8
11.28,30.28
11.11,30.11
11.62,30.62
11.04,30.04
11.11,37.11
11.19,37.19
11.84,37.84
11.75,37.75
11.53,37.53
11.08,37.08
11.14,37.14
11.33,37.33
11.07,37.07
11.42,37.42
11.16,38.16
11.87,38.87
11.94,38.94
11.94,38.94
11.51,38.51
11.4,38.4
11.44,38.44
11.04,38.04
11.1,38.1
11.76,38.76
12.01,1.01
12.58,1.58
12.49,1.49
12.88,1.88
12.16,1.16
12.55,1.55
12.38,1.38
12.71,1.71
12.3,1.3
12.66,1.6600000000000001
12.36,2.36
12.27,2.27
12.53,2.5300000000000002
12.22,2.22
12.61,2.61
12.38,2.38
12.83,2.83
12.41,2.41
12.29,2.29
12.87,2.87
12.54,3.54
12.29,3.29
12.3,3.3
12.4,3.4
12.89,3.89
12.98,3.98
12.24,3.24
12.54,3.54
12.61,3.61
12.23,3.23
12.75,11.75
12.11,11.11
12.09,11.09
12.98,11.98
12.61,11.61
12.42,11.42
12.41,11.41
12.2,11.2
12.71,11.71
12.51,11.51
12.8,12.8
12.85,12.85
12.68,12.68
12.38,12.38
12.13,12.13
12.76,12.76
12.82,12.82
12.67,12.67
12.9,12.9
12.34,12.34
12.83,14.83
12.81,14.81
12.12,14.12
12.79,14.79
12.14,14.14
12.34,14.34
12.79,14.79
12.15,14.15
12.48,14.48
12.74,14.74
12.56,15.56
12.33,15.33
12.88,15.88
12.8,15.8
12.0,15.0
12.76,15.76
12.01,15.01
12.03,15.03
12.19,15.19
12.09,15.09
12.06,19.06
12.12,19.12
12.87,19.87
12.31,19.31
12.98,19.98
12.6,19.6
12.15,19.15
12.86,19.86
12.44,19.44
12.01,19.01
12.06,22.06
12.61,22.61
12.75,22.75
12.17,22.17
12.87,22.87
12.91,22.91
12.46,22.46
12.05,22.05
12.82,22.82
12.56,22.56
12.81,23.81
12.15,23.15
12.36,23.36
12.57,23.57
12.95,23.95
12.09,23.09
12.33,23.33
12.14,23.14
12.91,23.91
12.17,23.17
12.25,35.25
12.11,35.11
12.06,35.06
12.77,35.77
12.76,35.76
12.15,35.15
12.2,35.2
12.71,35.71
12.79,35.79
12.81,35.81
12.13,36.13
12.37,36.37
12.71,36.71
12.42,36.42
12.14,36.14
12.92,36.92
12.69,36.69
12.41,36.41
12.63,36.63
12.66,36.66
13.23,3.23
13.81,3.81
13.4,3.4
13.66,3.66
13.68,3.68
13.27,3.27
13.47,3.4699999999999998
13.55,3.55
13.2,3.2
13.84,3.84
13.29,19.29
13.25,19.25
13.53,19.53
13.28,19.28
13.88,19.88
13.62,19.62
13.59,19.59
13.89,19.89
13.74,19.74
13.93,19.93
13.77,22.77
13.75,22.75
13.39,22.39
13.6,22.6
13.76,22.76
13.7,22.7
13.0,22.0
13.28,22.28
13.29,22.29
13.44,22.44
13.13,30.13
13.36,30.36
13.97,30.97
13.51,30.51
13.95,30.95
13.03,30.03
13.65,30.65
13.49,30.49
13.18,30.18
13.6,30.6
13.21,33.21
13.62,33.62
13.83,33.83
13.26,33.26
13.09,33.09
13.62,33.62
13.16,33.16
13.95,33.95
13.25,33.25
13.19,33.19
13.34,34.34
13.2,34.2
13.36,34.36
13.18,34.18
13.46,34.46
13.93,34.93
13.98,34.98
13.59,34.59
13.57,34.57
13.78,34.78
13.52,35.52
13.74,35.74
13.57,35.57
13.36,35.36
13.49,35.49
13.12,35.12
13.76,35.76
13.32,35.32
13.07,35.07
13.17,35.17
14.04,3.04
14.38,3.38
14.14,3.14
14.9,3.9
14.6,3.6
14.34,3.34
14.61,3.61
14.28,3.2800000000000002
14.59,3.59
15.0,4.0
14.41,4.41
14.01,4.01
14.1,4.1
14.79,4.79
14.16,4.16
14.5,4.5
14.21,4.21
14.09,4.09
14.04,4.04
14.4,4.4
14.38,5.38
14.75,5.75
14.42,5.42
14.45,5.45
14.99,5.99
14.6,5.6
14.29,5.29
14.05,5.05
14.26,5.26
14.15,5.15
14.01,6.01
14.6,6.6
14.18,6.18
14.66,6.66
14.9,6.9
14.55,6.55
14.43,6.43
14.05,6.05
14.9,6.9
14.75,6.75
14.18,7.18
14.58,7.58
14.36,7.36
14.81,7.8100000000000005
14.36,7.36
14.11,7.11
14.05,7.05
14.8,7.8
14.05,7.05
14.96,7.96
14.35,8.35
14.55,8.55
14.91,8.91
14.62,8.62
14.39,8.39
14.59,8.59
14.83,8.83
14.3,8.3
14.05,8.05
14.57,8.57
14.63,9.63
14.95,9.95
14.12,9.12
14.61,9.61
14.77,9.77
14.48,9.48
14.26,9.26
14.74,9.74
14.44,9.44
14.42,9.42
14.37,10.37
14.36,10.36
14.26,10.26
14.23,10.23
15.0,11.0
14.52,10.52
14.03,10.03
14.39,10.39
14.22,10.22
14.39,10.39
14.36,11.36
14.37,11.37
14.94,11.94
14.3,11.3
14.54,11.54
14.37,11.37
14.13,11.13
14.03,11.03
14.15,11.15
14.46,11.46
14.97,19.97
14.92,19.92
14.09,19.09
14.71,19.71
14.27,19.27
14.91,19.91
14.69,19.69
14.5,19.5
14.52,19.52
14.69,19.69
14.75,22.75
14.94,22.94
14.0,22.0
14.26,22.26
14.12,22.12
14.63,22.63
14.65,22.65
15.0,23.0
14.89,22.89
14.15,22.15
14.36,30.36
14.6,30.6
14.08,30.08
14.9,30.9
14.55,30.55
14.1,30.1
14.12,30.12
14.0,30.0
14.27,30.27
14.55,30.55
14.15,31.15
14.42,31.42
14.77,31.77
14.51,31.51
14.46,31.46
14.74,31.74
14.33,31.33
14.1,31.1
14.58,31.58
14.55,31.55
14.98,32.98
14.03,32.03
14.53,32.53
14.32,32.32
14.05,32.05
14.96,32.96
14.75,32.75
14.54,32.54
14.6,32.6
14.8,32.8
14.87,33.87
14.82,33.82
14.62,33.62
14.2,33.2
14.52,33.52
14.84,33.84
14.08,33.08
14.77,33.77
14.61,33.61
14.58,33.58
15.09,19.09
15.67,19.67
15.56,19.56
16.0,20.0
15.08,19.08
15.11,19.11
15.23,19.23
15.92,19.92
15.16,19.16
15.4,19.4
15.4,22.4
15.82,22.82
15.23,22.23
15.94,22.94
15.76,22.76
15.27,22.27
15.66,22.66
15.27,22.27
15.2,22.2
15.57,22.57
16.6,18.6
16.77,18.77
16.42,18.42
16.88,18.88
16.01,18.01
16.88,18.88
16.49,18.49
16.35,18.35
16.84,18.84
16.87,18.87
16.12,22.12
16.6,22.6
16.41,22.41
16.93,22.93
16.1,22.1
16.49,22.49
16.3,22.3
16.7,22.7
16.03,22.03
16.18,22.18
16.88,23.88
16.85,23.85
16.16,23.16
16.15,23.15
16.42,23.42
16.0,23.0
16.73,23.73
16.28,23.28
16.62,23.62
16.36,23.36
17.74,3.74
17.58,3.58
17.0,3.0
17.38,3.38
17.81,3.81
17.14,3.14
17.67,3.67
17.61,3.61
17.1,3.1
17.64,3.64
17.14,4.14
17.37,4.37
17.93,4.93
17.27,4.27
17.75,4.75
17.29,4.29
17.79,4.79
17.45,4.45
17.01,4.01
17.25,4.25
17.54,5.54
17.05,5.05
17.88,5.88
17.11,5.11
17.69,5.6899999999999995
17.14,5.14
17.55,5.55
17.28,5.28
17.56,5.5600000000000005
17.82,5.82
17.64,6.64
17.02,6.02
17.91,6.91
17.55,6.55
17.23,6.23
17.15,6.15
17.46,6.46
17.56,6.5600000000000005
17.46,6.46
17.77,6.77
18.0,8.0
17.82,7.82
17.9,7.9
17.47,7.47
17.07,7.07
17.84,7.84
17.38,7.38
17.98,7.98
17.23,7.23
17.4,7.4
17.37,9.37
17.04,9.04
17.76,9.76
17.85,9.85
17.83,9.83
17.91,9.91
17.18,9.18
17.33,9.33
17.05,9.05
17.46,9.46
17.14,10.14
17.53,10.53
17.41,10.41
17.73,10.73
17.39,10.39
17.67,10.67
17.2,10.2
17.47,10.47
17.98,10.98
17.8,10.8
17.83,11.83
17.15,11.15
17.62,11.62
17.53,11.53
17.0,11.0
17.28,11.28
17.63,11.63
17.02,11.02
17.0,11.0
17.68,11.68
17.53,18.53
17.99,18.99
17.3,18.3
17.06,18.06
17.82,18.82
17.04,18.04
17.52,18.52
17.19,18.19
17.75,18.75
17.62,18.62
17.92,23.92
17.14,23.14
17.13,23.13
17.15,23.15
17.23,23.23
17.35,23.35
17.56,23.56
17.97,23.97
17.71,23.71
17.19,23.19
18.15,3.15
18.04,3.04
18.68,3.68
18.36,3.36
18.18,3.18
18.29,3.29
18.13,3.13
18.43,3.43
18.98,3.98
18.95,3.95
18.31,11.31
18.34,11.34
18.14,11.14
18.71,11.71
18.33,11.33
18.98,11.98
18.77,11.77
18.05,11.05
18.85,11.85
18.42,11.42
19.8,0.8
19.06,0.06
19.19,0.19
19.29,0.29
19.92,0.92
19.8,0.8
19.72,0.72
19.91,0.91
19.61,0.61
19.93,0.93
19.54,1.54
19.32,1.32
19.37,1.37
19.9,1.9
19.44,1.44
19.14,1.1400000000000001
19.62,1.62
19.87,1.87
19.71,1.71
19.53,1.53
19.57,1.5699999999999998
19.14,1.1400000000000001
19.11,1.11
19.63,1.63
19.63,1.63
19.08,1.08
19.9,1.9
19.93,1.9300000000000002
19.58,1.58
19.31,1.31
19.48,2.48
19.54,2.54
19.37,2.37
19.58,2.58
19.55,2.55
19.75,2.75
19.75,2.75
19.61,2.61
19.45,2.45
19.3,2.3
19.89,3.89
19.73,3.73
19.11,3.11
19.8,3.8
19.59,3.59
19.17,3.17
19.87,3.87
19.05,3.05
19.76,3.76
19.41,3.41
19.15,11.15
19.87,11.87
19.21,11.21
19.73,11.73
19.42,11.42
19.5,11.5
19.49,11.49
19.77,11.77
19.96,11.96
19.08,11.08
19.73,18.73
19.6,18.6
19.55,18.55
19.66,18.66
19.03,18.03
19.0,18.0
19.49,18.49
19.65,18.65
19.16,18.16
19.76,18.76
19.64,20.64
19.17,20.17
19.8,20.8
19.96,20.96
19.53,20.53
19.28,20.28
19.45,20.45
19.09,20.09
19.7,20.7
19.47,20.47
19.98,20.98
19.61,20.61
19.48,20.48
19.57,20.57
19.08,20.08
19.32,20.32
19.1,20.1
19.24,20.24
19.39,20.39
19.41,20.41
19.49,21.49
19.9,21.9
19.11,21.11
19.91,21.91
19.08,21.08
19.29,21.29
19.32,21.32
19.43,21.43
19.88,21.88
19.44,21.44
19.18,22.18
19.85,22.85
19.45,22.45
19.02,22.02
19.79,22.79
19.42,22.42
19.88,22.88
19.86,22.86
19.63,22.63
19.1,22.1
20.03,0.03
20.49,0.49
20.69,0.69
20.61,0.61
20.07,0.07
20.8,0.8
20.93,0.93
20.75,0.75
20.1,0.1
20.98,0.98
20.59,11.59
20.78,11.78
20.5,11.5
20.26,11.26
20.46,11.46
20.94,11.94
20.44,11.44
20.38,11.38
20.13,11.13
20.86,11.86
20.62,12.62
20.65,12.65
20.89,12.89
20.34,12.34
20.74,12.74
20.69,12.69
20.99,12.99
20.41,12.41
20.2,12.2
20.66,12.66
20.26,13.26
20.03,13.03
20.89,13.89
20.97,13.97
20.63,13.63
20.92,13.92
20.11,13.11
20.67,13.67
20.38,13.38
20.57,13.57
20.9,14.9
20.58,14.58
20.43,14.43
20.68,14.68
20.63,14.63
20.42,14.42
20.75,14.75
20.81,14.81
20.81,14.81
20.7,14.7
20.29,18.29
20.79,18.79
20.82,18.82
20.12,18.12
20.64,18.64
21.0,19.0
20.94,18.94
20.95,18.95
20.96,18.96
20.69,18.69
20.1,20.1
20.35,20.35
21.0,21.0
20.56,20.56
20.86,20.86
20.71,20.71
20.64,20.64
20.1,20.1
20.25,20.25
20.47,20.47
21.73,0.73
21.65,0.65
21.26,0.26
21.31,0.31
21.58,0.58
21.43,0.43
22.0,1.0
21.84,0.84
21.51,0.51
21.35,0.35
21.05,14.05
21.71,14.71
21.11,14.11
21.56,14.56
21.22,14.22
21.35,14.35
21.48,14.48
21.69,14.69
21.49,14.49
21.02,14.02
21.38,18.38
21.93,18.93
21.03,18.03
21.97,18.97
21.14,18.14
21.74,18.74
21.86,18.86
21.11,18.11
21.98,18.98
21.87,18.87
21.25,20.25
21.03,20.03
21.18,20.18
21.31,20.31
21.9,20.9
21.06,20.06
21.47,20.47
21.1,20.1
21.22,20.22
21.13,20.13
22.06,0.06
22.28,0.28
22.33,0.33
22.4,0.4
22.76,0.76
22.83,0.83
22.73,0.73
22.72,0.72
22.46,0.46
22.0,0.0
22.75,18.75
22.53,18.53
22.55,18.55
22.57,18.57
22.47,18.47
22.91,18.91
22.33,18.33
22.7,18.7
22.11,18.11
22.66,18.66
22.68,19.68
22.48,19.48
22.83,19.83
22.76,19.76
22.25,19.25
22.45,19.45
22.95,19.95
22.81,19.81
22.79,19.79
22.07,19.07
23.11,0.11
23.94,0.94
23.35,0.35
23.0,0.0
23.7,0.7
23.65,0.65
23.93,0.93
23.84,0.84
23.49,0.49
23.65,0.65
23.78,1.78
23.35,1.35
23.07,1.07
23.07,1.07
23.39,1.3900000000000001
23.5,1.5
23.84,1.8399999999999999
23.27,1.27
23.74,1.74
23.56,1.56
23.42,14.42
23.2,14.2
23.89,14.89
23.94,14.94
23.54,14.54
23.35,14.35
23.59,14.59
23.22,14.22
23.21,14.21
23.06,14.06
23.74,15.74
23.66,15.66
23.09,15.09
23.44,15.44
23.68,15.68
23.65,15.65
23.37,15.37
23.14,15.14
23.07,15.07
23.9,15.9
23.54,16.54
23.19,16.19
23.54,16.54
23.67,16.67
23.05,16.05
23.21,16.21
23.03,16.03
23.05,16.05
23.35,16.35
23.03,16.03
23.75,17.75
23.8,17.8
23.06,17.06
23.8,17.8
23.51,17.51
23.57,17.57
23.16,17.16
23.97,17.97
23.34,17.34
23.77,17.77
23.81,18.81
23.59,18.59
23.12,18.12
23.25,18.25
23.67,18.67
23.05,18.05
23.08,18.08
23.6,18.6
23.84,18.84
23.88,18.88
23.2,19.2
23.91,19.91
23.56,19.56
23.41,19.41
23.69,19.69
23.32,19.32
23.27,19.27
23.48,19.48
23.31,19.31
23.22,19.22
24.19,1.19
24.58,1.58
24.18,1.18
24.4,1.4
24.01,1.01
24.2,1.2
24.86,1.8599999999999999
24.25,1.25
24.42,1.42
24.02,1.02
24.22,15.22
24.12,15.12
24.51,15.51
24.72,15.72
24.89,15.89
24.41,15.41
24.03,15.03
24.54,15.54
24.28,15.28
24.44,15.44
25.86,1.8599999999999999
25.92,1.92
25.22,1.22
25.09,1.09
25.55,1.55
25.84,1.8399999999999999
25.89,1.8900000000000001
25.82,1.8199999999999998
25.18,1.18
25.7,1.7
25.94,15.94
25.55,15.55
25.95,15.95
25.63,15.63
25.02,15.02
25.64,15.64
25.73,15.73
25.08,15.08
25.31,15.31
25.19,15.19
25.26,19.26
25.46,19.46
25.82,19.82
25.2,19.2
25.92,19.92
25.26,19.26
25.32,19.32
25.69,19.69
25.96,19.96
25.99,19.99
25.14,20.14
25.93,20.93
25.29,20.29
26.0,21.0
25.91,20.91
25.16,20.16
25.95,20.95
25.17,20.17
25.14,20.14
25.44,20.44
26.2,0.2
26.01,0.01
26.12,0.12
26.2,0.2
26.46,0.46
26.39,0.39
26.95,0.95
26.84,0.84
26.59,0.59
26.11,0.11
26.55,1.55
26.2,1.2
26.13,1.13
26.96,1.96
26.26,1.26
26.27,1.27
26.67,1.67
26.71,1.71
26.24,1.24
26.0,1.0
26.86,5.86
26.37,5.37
26.56,5.5600000000000005
26.41,5.41
26.22,5.22
26.43,5.43
26.03,5.03
26.34,5.34
26.37,5.37
26.03,5.03
26.18,6.18
26.09,6.09
26.94,6.9399999999999995
26.04,6.04
26.53,6.53
26.01,6.01
26.87,6.87
26.29,6.29
26.4,6.4
26.78,6.78
26.67,7.67
26.14,7.14
26.19,7.19
26.23,7.23
26.76,7.76
26.6,7.6
26.8,7.8
26.79,7.79
26.07,7.07
26.08,7.08
26.07,8.07
26.61,8.61
26.1,8.1
26.51,8.51
26.47,8.47
26.68,8.68
26.12,8.12
26.84,8.84
26.21,8.21
26.09,8.09
26.11,15.11
26.17,15.17
26.19,15.19
26.29,15.29
26.6,15.6
26.85,15.85
26.83,15.83
26.11,15.11
26.75,15.75
26.57,15.57
26.86,20.86
26.83,20.83
26.07,20.07
26.63,20.63
26.75,20.75
26.17,20.17
26.65,20.65
26.91,20.91
26.07,20.07
26.18,20.18
27.81,0.81
27.95,0.95
27.57,0.57
27.07,0.07
27.95,0.95
27.6,0.6
27.82,0.82
27.13,0.13
27.48,0.48
27.51,0.51
27.78,5.78
27.79,5.79
27.89,5.89
27.81,5.8100000000000005
27.58,5.58
27.38,5.38
27.22,5.22
27.13,5.13
27.45,5.45
27.53,5.53
27.77,15.77
27.97,15.97
27.88,15.88
27.64,15.64
27.89,15.89
27.71,15.71
27.85,15.85
27.46,15.46
27.44,15.44
27.88,15.88
27.28,20.28
27.89,20.89
27.07,20.07
27.48,20.48
27.47,20.47
27.3,20.3
27.91,20.91
27.84,20.84
27.45,20.45
27.51,20.51
28.68,1.6800000000000002
28.95,1.95
28.73,1.73
28.06,1.06
28.04,1.04
28.17,1.17
28.47,1.47
28.37,1.37
28.09,1.09
28.38,1.38
28.57,2.57
28.29,2.29
28.79,2.79
28.73,2.73
28.41,2.41
28.3,2.3
28.48,2.48
28.01,2.01
28.11,2.11
28.99,2.99
28.21,3.21
28.79,3.79
28.76,3.76
28.36,3.36
28.13,3.13
28.45,3.45
28.1,3.1
28.58,3.58
28.13,3.13
28.35,3.35
28.65,4.65
28.53,4.53
28.65,4.65
28.03,4.03
28.87,4.87
28.75,4.75
28.04,4.04
28.73,4.73
28.63,4.63
28.1,4.1
28.62,4.62
28.65,4.65
28.88,4.88
28.59,4.59
28.8,4.8
28.52,4.52
28.87,4.87
28.33,4.33
28.72,4.72
28.3,4.3
28.47,5.47
28.83,5.83
28.76,5.76
28.0,5.0
28.68,5.68
28.05,5.05
28.92,5.92
28.75,5.75
28.65,5.65
28.22,5.22
28.64,8.64
28.13,8.13
28.2,8.2
28.4,8.4
28.26,8.26
28.0,8.0
28.83,8.83
28.81,8.81
28.35,8.35
28.64,8.64
28.08,12.08
28.89,12.89
28.39,12.39
28.77,12.77
28.26,12.26
28.07,12.07
28.32,12.32
28.6,12.6
28.37,12.37
28.12,12.12
28.85,13.85
28.61,13.61
28.29,13.29
28.23,13.23
28.08,13.08
28.54,13.54
28.62,13.62
28.96,13.96
28.43,13.43
28.59,13.59
28.55,14.55
28.73,14.73
28.76,14.76
28.99,14.99
28.4,14.4
28.32,14.32
28.0,14.0
28.79,14.79
28.65,14.65
28.24,14.24
28.29,15.29
28.57,15.57
28.03,15.03
28.08,15.08
28.79,15.79
28.26,15.26
28.33,15.33
28.22,15.22
28.32,15.32
28.53,15.53
28.3,18.3
28.29,18.29
28.88,18.88
28.18,18.18
28.98,18.98
28.51,18.51
28.87,18.87
28.25,18.25
28.2,18.2
28.85,18.85
28.53,19.53
28.66,19.66
28.74,19.74
28.41,19.41
28.8,19.8
28.78,19.78
29.0,20.0
28.47,19.47
28.09,19.09
28.45,19.45
28.34,20.34
28.68,20.68
28.31,20.31
28.11,20.11
28.3,20.3
28.76,20.76
28.29,20.29
28.86,20.86
28.85,20.85
28.13,20.13
29.86,8.86
29.92,8.92
29.18,8.18
29.46,8.46
29.14,8.14
29.56,8.56
29.44,8.44
29.77,8.77
29.89,8.89
29.54,8.54
29.89,9.89
29.69,9.69
29.45,9.45
29.12,9.12
29.92,9.92
29.19,9.19
29.35,9.35
29.07,9.07
29.41,9.41
29.67,9.67
29.3,12.3
29.98,12.98
29.94,12.94
29.46,12.46
29.57,12.57
29.48,12.48
29.7,12.7
29.71,12.71
29.5,12.5
29.5,12.5
29.63,18.63
29.76,18.76
29.63,18.63
29.28,18.28
29.51,18.51
29.54,18.54
29.9,18.9
29.5,18.5
29.37,18.37
29.59,18.59
30.96,18.96
30.65,18.65
30.24,18.24
30.16,18.16
30.8,18.8
30.36,18.36
30.66,18.66
30.73,18.73
30.03,18.03
30.76,18.76
31.47,4.47
31.85,4.85
31.44,4.44
31.14,4.14
31.14,4.14
31.6,4.6
31.18,4.18
31.53,4.53
31.25,4.25
31.5,4.5
31.38,6.38
31.55,6.55
31.36,6.36
31.27,6.27
31.26,6.26
31.63,6.63
31.06,6.06
31.19,6.19
31.1,6.1
31.06,6.06
31.29,7.29
31.22,7.22
31.57,7.57
31.37,7.37
32.0,8.0
31.29,7.29
31.21,7.21
31.89,7.89
31.65,7.65
31.13,7.13
31.91,18.91
31.97,18.97
31.54,18.54
31.18,18.18
31.59,18.59
31.52,18.52
31.92,18.92
31.46,18.46
31.55,18.55
31.4,18.4
32.61,4.61
32.27,4.27
32.97,4.97
32.16,4.16
32.89,4.89
32.79,4.79
32.12,4.12
32.47,4.47
32.44,4.44
32.49,4.49
32.98,7.98
32.45,7.45
32.49,7.49
32.69,7.6899999999999995
32.09,7.09
32.18,7.18
32.92,7.92
32.21,7.21
32.84,7.84
32.56,7.5600000000000005
32.92,8.92
32.82,8.82
32.04,8.04
32.39,8.39
32.08,8.08
32.39,8.39
32.03,8.03
32.45,8.45
32.94,8.94
32.92,8.92
32.68,9.68
32.1,9.1
32.74,9.74
32.46,9.46
32.28,9.28
32.6,9.6
32.79,9.79
32.25,9.25
32.93,9.93
32.28,9.28
32.99,10.99
32.59,10.59
32.3,10.3
32.03,10.03
32.07,10.07
32.41,10.41
32.23,10.23
32.04,10.04
32.8,10.8
32.67,10.67
32.54,11.54
32.42,11.42
32.36,11.36
32.59,11.59
32.04,11.04
32.59,11.59
32.66,11.66
32.72,11.72
32.22,11.22
32.77,11.77
32.95,18.95
32.43,18.43
32.15,18.15
32.1,18.1
32.8,18.8
32.0,18.0
32.35,18.35
32.94,18.94
32.01,18.01
32.72,18.72
33.14,1.1400000000000001
33.68,1.6800000000000002
33.35,1.35
33.08,1.08
33.61,1.6099999999999999
33.24,1.24
33.2,1.2
33.44,1.44
33.78,1.78
33.55,1.55
33.25,2.25
33.37,2.37
33.16,2.16
33.16,2.16
33.55,2.55
33.5,2.5
33.38,2.38
33.26,2.26
33.63,2.63
33.33,2.33
33.77,3.77
33.69,3.69
33.7,3.7
33.09,3.09
33.52,3.52
33.13,3.13
33.54,3.54
33.21,3.21
33.46,3.46
33.43,3.43
33.23,4.23
33.45,4.45
33.24,4.24
33.04,4.04
33.52,4.52
33.74,4.74
33.74,4.74
33.83,4.83
33.1,4.1
33.91,4.91
33.93,11.93
33.57,11.57
33.69,11.69
33.79,11.79
33.57,11.57
33.77,11.77
33.43,11.43
33.69,11.69
33.75,11.75
33.55,11.55
33.68,12.68
33.84,12.84
33.85,12.85
33.63,12.63
33.51,12.51
33.95,12.95
33.28,12.28
33.07,12.07
33.66,12.66
33.61,12.61
33.85,13.85
33.99,13.99
33.49,13.49
33.32,13.32
33.74,13.74
33.89,13.89
33.97,13.97
33.74,13.74
33.89,13.89
33.73,13.73
33.28,18.28
33.97,18.97
33.25,18.25
33.11,18.11
33.3,18.3
33.3,18.3
33.1,18.1
33.59,18.59
33.07,18.07
33.52,18.52
34.15,0.15
34.71,0.71
34.09,0.09
34.82,0.82
34.59,0.59
34.83,0.83
34.98,0.98
34.72,0.72
34.37,0.37
34.7,0.7
34.62,13.62
34.58,13.58
34.62,13.62
34.83,13.83
34.97,13.97
34.16,13.16
34.99,13.99
34.29,13.29
34.38,13.38
34.79,13.79
34.46,18.46
34.66,18.66
34.89,18.89
34.36,18.36
34.27,18.27
34.4,18.4
34.69,18.69
34.66,18.66
34.43,18.43
34.89,18.89
35.23,0.23
35.53,0.53
35.42,0.42
35.4,0.4
35.45,0.45
35.5,0.5
35.59,0.59
35.39,0.39
35.27,0.27
35.71,0.71
35.13,13.13
35.09,13.09
35.78,13.78
35.68,13.68
35.43,13.43
35.42,13.42
35.03,13.03
35.04,13.04
35.94,13.94
35.82,13.82
35.89,14.89
35.65,14.65
35.02,14.02
35.92,14.92
35.5,14.5
35.86,14.86
35.21,14.21
35.83,14.83
35.11,14.11
35.65,14.65
35.52,19.52
35.38,19.38
35.66,19.66
35.87,19.87
35.36,19.36
36.0,20.0
35.36,19.36
35.1,19.1
35.03,19.03
35.01,19.01
35.11,19.11
35.45,19.45
35.2,19.2
35.35,19.35
35.97,19.97
35.23,19.23
35.41,19.41
35.52,19.52
35.39,19.39
35.79,19.79
36.53,0.53
36.77,0.77
36.42,0.42
36.25,0.25
36.05,0.05
36.94,0.94
36.19,0.19
36.56,0.56
36.49,0.49
36.12,0.12
36.36,1.3599999999999999
36.46,1.46
36.93,1.9300000000000002
36.39,1.3900000000000001
36.91,1.9100000000000001
36.61,1.6099999999999999
36.42,1.42
36.58,1.58
36.37,1.37
36.67,1.67
36.9,18.9
36.44,18.44
36.17,18.17
36.94,18.94
36.15,18.15
36.94,18.94
36.04,18.04
36.47,18.47
36.13,18.13
36.75,18.75
36.89,19.89
36.76,19.76
36.7,19.7
36.93,19.93
36.97,19.97
36.91,19.91
36.8,19.8
36.41,19.41
36.29,19.29
36.46,19.46
38.0,1.0
37.75,0.75
37.66,0.66
37.3,0.3
37.69,0.69
37.62,0.62
37.85,0.85
37.94,0.94
37.7,0.7
37.95,0.95
37.95,1.95
37.58,1.58
37.25,1.25
37.75,1.75
37.8,1.8
37.83,1.83
37.46,1.46
37.63,1.63
37.3,1.3
37.53,1.53
37.29,13.29
37.43,13.43
37.31,13.31
37.26,13.26
37.76,13.76
37.01,13.01
37.62,13.62
37.34,13.34
37.63,13.63
37.13,13.13
37.72,14.72
37.54,14.54
37.49,14.49
37.1,14.1
37.73,14.73
37.63,14.63
37.05,14.05
37.44,14.44
37.74,14.74
37.1,14.1
37.62,18.62
37.89,18.89
37.47,18.47
37.49,18.49
37.17,18.17
37.19,18.19
37.62,18.62
37.99,18.99
37.17,18.17
37.1,18.1
38.71,0.71
38.22,0.22
38.9,0.9
38.16,0.16
38.67,0.67
38.91,0.91
38.7,0.7
38.27,0.27
38.21,0.21
38.95,0.95
38.53,1.53
38.1,1.1
38.72,1.72
38.4,1.4
38.05,1.05
38.4,1.4
38.02,1.02
38.99,1.99
38.86,1.8599999999999999
38.63,1.63
38.25,14.25
38.34,14.34
38.46,14.46
38.25,14.25
38.47,14.47
38.08,14.08
38.76,14.76
38.33,14.33
38.74,14.74
38.99,14.99
38.21,15.21
38.19,15.19
38.44,15.44
38.25,15.25
38.36,15.36
38.4,15.4
38.7,15.7
38.45,15.45
38.5,15.5
38.38,15.38
38.0,16.0
38.47,16.47
38.92,16.92
38.62,16.62
38.22,16.22
38.53,16.53
38.7,16.7
38.64,16.64
38.71,16.71
38.16,16.16
38.47,17.47
38.88,17.88
38.47,17.47
38.17,17.17
38.46,17.46
38.2,17.2
38.45,17.45
38.41,17.41
38.8,17.8
38.33,17.33
38.46,18.46
38.56,18.56
38.48,18.48
38.72,18.72
38.62,18.62
38.31,18.31
38.68,18.68
38.1,18.1
38.17,18.17
38.05,18.05
39.41,0.41
39.61,0.61
39.01,0.01
39.55,0.55
39.43,0.43
39.74,0.74
39.22,0.22
39.67,0.67
39.04,0.04
39.17,0.17
39.14,1.1400000000000001
39.3,1.3
39.98,1.98
39.68,1.6800000000000002
39.46,1.46
39.34,1.34
39.16,1.16
39.31,1.31
39.29,1.29
39.16,1.16
39.27,2.27
39.52,2.52
39.0,2.0
39.72,2.7199999999999998
39.82,2.82
39.28,2.2800000000000002
39.17,2.17
39.35,2.35
39.46,2.46
39.61,2.61
39.47,3.4699999999999998
39.03,3.03
39.55,3.55
39.91,3.91
39.41,3.41
39.06,3.06
39.72,3.7199999999999998
39.0,3.0
39.07,3.07
39.86,3.86
39.41,4.41
39.47,4.47
39.84,4.84
39.21,4.21
39.93,4.93
39.4,4.4
39.14,4.14
39.14,4.14
39.63,4.63
39.81,4.8100000000000005
39.63,5.63
39.17,5.17
39.67,5.67
39.21,5.21
39.65,5.65
39.48,5.48
39.85,5.85
39.05,5.05
39.42,5.42
39.11,5.11
39.17,6.17
39.42,6.42
39.65,6.65
39.92,6.92
39.43,6.43
39.51,6.51
39.53,6.53
39.39,6.39
39.4,6.4
39.16,6.16
39.18,7.18
39.95,7.95
39.1,7.1
39.47,7.47
39.49,7.49
39.14,7.14
39.72,7.72
39.45,7.45
39.17,7.17
39.76,7.76
39.9,8.9
39.35,8.35
39.07,8.07
39.18,8.18
39.94,8.94
39.73,8.73
39.63,8.63
39.65,8.65
39.27,8.27
39.9,8.9
39.71,9.71
39.45,9.45
39.13,9.13
39.46,9.46
39.73,9.73
39.42,9.42
39.26,9.26
39.22,9.22
39.93,9.93
39.64,9.64
39.14,10.14
39.53,10.53
39.61,10.61
39.41,10.41
39.69,10.69
39.76,10.76
39.24,10.24
39.92,10.92
39.52,10.52
39.5,10.5
39.27,11.27
39.56,11.56
39.0,11.0
39.29,11.29
39.82,11.82
39.13,11.13
39.95,11.95
39.98,11.98
39.07,11.07
39.08,11.08
39.43,12.43
39.98,12.98
39.7,12.7
39.33,12.33
39.77,12.77
39.48,12.48
39.14,12.14
39.04,12.04
39.38,12.38
39.24,12.24
39.4,13.4
39.6,13.6
39.5,13.5
39.36,13.36
39.47,13.47
39.61,13.61
39.45,13.45
39.98,13.98
39.31,13.31
39.97,13.97
39.76,14.76
39.9,14.9
39.68,14.68
39.18,14.18
39.2,14.2
39.11,14.11
39.65,14.65
39.76,14.76
39.06,14.06
39.27,14.27
40.72,0.72
40.11,0.11
41.0,1.0
40.81,0.81
40.47,0.47
40.45,0.45
40.9,0.9
40.82,0.82
40.76,0.76
40.52,0.52
40.81,1.81
40.91,1.9100000000000001
40.12,1.12
40.02,1.02
40.28,1.28
40.55,1.55
40.43,1.43
40.05,1.05
40.57,1.5699999999999998
40.09,1.09
40.5,2.5
40.09,2.09
40.94,2.94
40.42,2.42
40.8,2.8
40.2,2.2
40.15,2.15
40.71,2.71
40.44,2.44
40.4,2.4
40.48,3.48
40.1,3.1
40.68,3.68
40.46,3.46
40.58,3.58
40.24,3.24
40.28,3.2800000000000002
40.37,3.37
40.04,3.04
40.77,3.77
40.67,9.67
40.01,9.01
40.37,9.37
40.37,9.37
40.66,9.66
40.14,9.14
40.96,9.96
40.2,9.2
40.11,9.11
40.5,9.5
40.12,10.12
40.3,10.3
40.81,10.81
40.65,10.65
40.25,10.25
40.26,10.26
40.81,10.81
40.17,10.17
40.19,10.19
40.8,10.8
40.73,12.73
40.03,12.03
40.13,12.13
40.04,12.04
40.91,12.91
40.89,12.89
40.73,12.73
40.3,12.3
40.73,12.73
40.89,12.89
40.37,13.37
40.1,13.1
40.39,13.39
40.4,13.4
40.54,13.54
40.19,13.19
40.38,13.38
40.29,13.29
40.56,13.56
40.39,13.39
40.96,14.96
40.59,14.59
40.15,14.15
40.65,14.65
40.13,14.13
40.27,14.27
40.94,14.94
41.0,15.0
40.16,14.16
40.37,14.37
41.06,2.06
41.26,2.26
41.94,2.94
41.3,2.3
41.43,2.43
41.66,2.66
41.84,2.84
41.73,2.73
41.95,2.95
41.5,2.5
41.58,10.58
41.18,10.18
41.27,10.27
41.83,10.83
41.96,10.96
41.98,10.98
41.45,10.45
41.53,10.53
41.25,10.25
41.81,10.81
42.42,2.42
42.66,2.66
42.14,2.14
42.41,2.41
42.81,2.81
42.04,2.04
42.9,2.9
42.96,2.96
42.65,2.65
42.07,2.07
42.85,10.85
42.88,10.88
42.6,10.6
42.56,10.56
42.91,10.91
42.62,10.62
42.69,10.69
42.89,10.89
42.97,10.97
42.17,10.17
43.46,2.46
43.59,2.59
43.79,2.79
43.97,2.9699999999999998
43.37,2.37
43.68,2.68
43.16,2.16
43.94,2.94
43.41,2.41
43.55,2.55
43.59,3.59
43.21,3.21
43.95,3.95
43.74,3.74
43.21,3.21
43.62,3.62
43.64,3.64
43.99,3.99
43.63,3.63
43.62,3.62
43.04,4.04
43.41,4.41
43.75,4.75
43.0,4.0
43.53,4.53
43.03,4.03
43.97,4.97
43.74,4.74
43.13,4.13
43.07,4.07
43.96,8.96
43.76,8.76
43.16,8.16
43.77,8.77
43.39,8.39
43.05,8.05
43.41,8.41
43.04,8.04
43.15,8.15
43.31,8.31
43.54,10.54
43.81,10.81
43.82,10.82
43.14,10.14
43.55,10.55
43.69,10.69
43.29,10.29
43.75,10.75
43.71,10.71
43.66,10.66
44.54,5.54
44.19,5.19
44.32,5.32
44.0,5.0
44.08,5.08
44.74,5.74
44.4,5.4
44.68,5.68
44.58,5.58
44.01,5.01
44.19,6.19
44.16,6.16
44.06,6.06
44.54,6.54
44.14,6.14
44.08,6.08
44.56,6.5600000000000005
44.85,6.85
44.23,6.23
44.77,6.77
44.6,7.6
44.65,7.65
44.23,7.23
44.17,7.17
44.61,7.61
44.92,7.92
44.09,7.09
44.26,7.26
44.6,7.6
44.42,7.42
44.61,8.61
44.75,8.75
44.39,8.39
44.03,8.03
44.56,8.56
44.18,8.18
44.72,8.72
44.17,8.17
44.73,8.73
44.48,8.48
44.35,9.35
44.11,9.11
44.54,9.54
44.52,9.52
44.69,9.69
44.91,9.91
44.02,9.02
44.18,9.18
44.02,9.02
44.02,9.02
44.05,10.05
44.77,10.77
44.08,10.08
44.71,10.71
44.72,10.72
44.71,10.71
44.01,10.01
44.32,10.32
44.38,10.38
44.66,10.66
