2.29,30.29
2.8,30.8
2.79,30.79
2.42,30.42
2.67,30.67
2.87,30.87
2.56,30.56
2.85,30.85
2.88,30.88
2.82,30.82
2.89,31.89
2.42,31.42
2.83,31.83
2.32,31.32
2.08,31.08
2.0,31.0
2.74,31.74
2.74,31.74
2.1,31.1
2.7,31.7
2.15,32.15
2.09,32.09
2.37,32.37
2.25,32.25
2.05,32.05
2.13,32.13
2.19,32.19
2.81,32.81
2.08,32.08
2.9,32.9
2.92,33.92
2.46,33.46
2.74,33.74
2.11,33.11
2.75,33.75
2.59,33.59
3.0,34.0
2.86,33.86
2.15,33.15
2.44,33.44
2.44,34.44
2.45,34.45
2.2,34.2
2.45,34.45
2.19,34.19
2.2,34.2
2.84,34.84
2.66,34.66
2.6,34.6
2.44,34.44
2.8,35.8
2.62,35.62
2.5300000000000002,35.53
2.81,35.81
2.06,35.06
2.06,35.06
2.03,35.03
2.9,35.9
2.84,35.84
2.08,35.08
3.77,7.77
3.79,7.79
3.71,7.71
3.09,7.09
3.09,7.09
3.9699999999999998,7.97
3.87,7.87
3.9,7.9
3.64,7.64
3.48,7.48
3.03,8.03
3.7800000000000002,8.78
3.59,8.59
3.35,8.35
3.51,8.51
3.57,8.57
3.13,8.13
3.71,8.71
3.42,8.42
3.32,8.32
3.44,9.44
3.44,9.44
3.16,9.16
3.9699999999999998,9.97
3.88,9.88
3.35,9.35
3.66,9.66
3.5300000000000002,9.53
4.0,10.0
3.65,9.65
3.76,10.76
3.96,10.96
3.03,10.03
3.2800000000000002,10.28
3.04,10.04
3.21,10.21
3.22,10.22
3.04,10.04
3.08,10.08
3.01,10.01
3.64,11.64
3.11,11.11
3.6,11.6
3.83,11.83
3.24,11.24
3.93,11.93
3.23,11.23
3.43,11.43
3.04,11.04
3.52,11.52
3.32,12.32
3.16,12.16
3.85,12.85
3.39,12.39
3.15,12.15
3.99,12.99
3.64,12.64
3.65,12.65
3.83,12.83
3.62,12.62
3.73,13.73
3.68,13.68
3.49,13.49
3.1,13.1
3.59,13.59
3.83,13.83
3.46,13.46
3.46,13.46
3.35,13.35
3.48,13.48
3.13,24.13
3.33,24.33
3.12,24.12
3.59,24.59
3.56,24.56
3.95,24.95
3.2,24.2
3.03,24.03
3.99,24.99
3.38,24.38
3.5300000000000002,25.53
3.7199999999999998,25.72
3.49,25.49
3.64,25.64
3.4,25.4
3.11,25.11
3.61,25.61
3.23,25.23
3.73,25.73
3.18,25.18
3.57,26.57
3.25,26.25
3.66,26.66
3.21,26.21
3.54,26.54
3.19,26.19
3.9699999999999998,26.97
3.37,26.37
3.08,26.08
3.01,26.01
3.5300000000000002,27.53
3.02,27.02
3.65,27.65
3.87,27.87
3.37,27.37
3.27,27.27
3.91,27.91
3.04,27.04
3.9,27.9
3.04,27.04
3.93,28.93
3.77,28.77
3.46,28.46
3.83,28.83
3.61,28.61
3.25,28.25
3.01,28.01
3.4,28.4
3.7199999999999998,28.72
3.93,28.93
3.19,29.19
3.07,29.07
3.27,29.27
3.0,29.0
3.5300000000000002,29.53
3.4699999999999998,29.47
3.58,29.58
3.85,29.85
3.18,29.18
3.94,29.94
3.46,30.46
3.26,30.26
3.96,30.96
3.36,30.36
3.99,30.99
3.36,30.36
3.82,30.82
3.19,30.19
3.46,30.46
3.54,30.54
3.12,32.12
3.54,32.54
3.64,32.64
3.61,32.61
3.32,32.32
3.55,32.55
3.91,32.91
3.1,32.1
3.23,32.23
3.03,32.03
3.32,35.32
3.11,35.11
3.7199999999999998,35.72
3.11,35.11
3.7800000000000002,35.78
3.19,35.19
3.6,35.6
3.29,35.29
3.14,35.14
3.81,35.81
3.03,36.03
3.4,36.4
3.12,36.12
3.45,36.45
3.77,36.77
3.16,36.16
3.2800000000000002,36.28
3.17,36.17
3.21,36.21
3.27,36.27
3.25,37.25
3.87,37.87
3.14,37.14
3.82,37.82
3.37,37.37
3.04,37.04
3.58,37.58
3.24,37.24
3.34,37.34
3.21,37.21
3.73,38.73
3.6,38.6
3.5300000000000002,38.53
3.18,38.18
3.23,38.23
3.6,38.6
4.0,39.0
3.73,38.73
3.34,38.34
3.17,38.17
4.18,7.18
4.61,7.61
4.96,7.96
4.05,7.05
4.9399999999999995,7.9399999999999995
4.32,7.32
4.0,7.0
4.68,7.68
4.59,7.59
4.03,7.03
4.41,13.41
4.01,13.01
4.49,13.49
4.96,13.96
4.84,13.84
4.44,13.44
4.8100000000000005,13.81
4.02,13.02
4.85,13.85
4.4,13.4
4.77,14.77
4.25,14.25
4.77,14.77
4.32,14.32
4.8100000000000005,14.81
4.2,14.2
4.99,14.99
4.05,14.05
4.57,14.57
4.28,14.28
4.71,15.71
4.59,15.59
4.17,15.17
4.09,15.09
4.87,15.87
4.93,15.93
4.16,15.16
4.49,15.49
4.7,15.7
4.03,15.03
4.22,16.22
4.87,16.87
4.96,16.96
4.92,16.92
4.05,16.05
4.71,16.71
4.44,16.44
4.92,16.92
4.84,16.84
4.87,16.87
4.52,24.52
4.32,24.32
4.84,24.84
4.0,24.0
4.54,24.54
4.3,24.3
4.06,24.06
4.88,24.88
4.13,24.13
4.44,24.44
4.72,38.72
4.25,38.25
4.93,38.93
4.06,38.06
4.73,38.73
4.2,38.2
4.18,38.18
4.6899999999999995,38.69
4.31,38.31
4.41,38.41
5.84,1.8399999999999999
5.71,1.71
5.86,1.8599999999999999
5.89,1.8900000000000001
5.68,1.6800000000000002
5.06,1.06
5.53,1.53
5.44,1.44
5.32,1.32
5.76,1.76
5.19,2.19
5.9,2.9
5.98,2.98
5.68,2.68
5.17,2.17
5.3,2.3
5.38,2.38
5.72,2.7199999999999998
5.89,2.89
5.66,2.66
5.76,3.76
5.25,3.25
5.21,3.21
5.38,3.38
5.85,3.85
5.39,3.39
5.37,3.37
5.55,3.55
5.91,3.91
5.62,3.62
5.06,4.06
5.11,4.11
5.49,4.49
5.77,4.77
5.19,4.19
5.41,4.41
5.07,4.07
5.4,4.4
5.8100000000000005,4.8100000000000005
5.57,4.57
5.53,5.53
5.97,5.97
5.16,5.16
5.6,5.6
5.6,5.6
5.64,5.64
5.87,5.87
5.37,5.37
5.67,5.67
5.51,5.51
5.06,6.06
5.62,6.62
5.4,6.4
5.08,6.08
5.79,6.79
5.79,6.79
5.1,6.1
5.77,6.77
5.24,6.24
5.89,6.89
5.48,7.48
5.75,7.75
5.28,7.28
5.55,7.55
5.01,7.01
5.93,7.93
5.0,7.0
5.91,7.91
5.61,7.61
5.18,7.18
5.87,16.87
5.68,16.68
5.53,16.53
5.24,16.24
5.08,16.08
5.04,16.04
5.02,16.02
5.9,16.9
5.06,16.06
5.23,16.23
5.5,24.5
5.3,24.3
5.33,24.33
5.27,24.27
5.02,24.02
5.43,24.43
5.0,24.0
5.34,24.34
5.88,24.88
5.37,24.37
5.5600000000000005,38.56
5.11,38.11
5.01,38.01
5.49,38.49
5.12,38.12
5.29,38.29
5.53,38.53
5.06,38.06
5.1,38.1
5.09,38.09
6.26,1.26
6.8100000000000005,1.81
6.15,1.15
6.83,1.83
6.97,1.97
6.02,1.02
6.24,1.24
6.7,1.7
6.83,1.83
6.24,1.24
6.16,16.16
6.95,16.95
6.35,16.35
6.54,16.54
6.62,16.62
6.29,16.29
6.8100000000000005,16.81
6.67,16.67
6.34,16.34
6.53,16.53
6.48,17.48
6.74,17.74
6.73,17.73
6.47,17.47
6.11,17.11
6.6899999999999995,17.69
6.51,17.51
6.27,17.27
6.15,17.15
6.77,17.77
6.04,18.04
6.04,18.04
6.97,18.97
6.12,18.12
6.75,18.75
6.2,18.2
6.65,18.65
6.15,18.15
6.59,18.59
6.39,18.39
6.44,19.44
6.39,19.39
6.98,19.98
6.83,19.83
6.68,19.68
6.12,19.12
6.03,19.03
6.51,19.51
6.39,19.39
6.52,19.52
6.21,20.21
6.9,20.9
6.18,20.18
6.42,20.42
6.88,20.88
6.24,20.24
6.57,20.57
6.93,20.93
6.48,20.48
6.14,20.14
6.06,21.06
6.84,21.84
6.66,21.66
6.18,21.18
6.53,21.53
6.16,21.16
6.19,21.19
6.6899999999999995,21.69
6.23,21.23
6.73,21.73
6.5600000000000005,22.56
6.0,22.0
6.26,22.26
6.34,22.34
6.01,22.01
6.9,22.9
6.34,22.34
6.63,22.63
6.17,22.17
6.71,22.71
6.65,23.65
6.42,23.42
6.04,23.04
7.0,24.0
6.51,23.51
6.66,23.66
6.6,23.6
6.73,23.73
6.35,23.35
6.51,23.51
6.49,24.49
6.39,24.39
6.75,24.75
6.41,24.41
6.8,24.8
6.06,24.06
6.9,24.9
6.61,24.61
6.45,24.45
6.79,24.79
6.73,25.73
6.32,25.32
6.67,25.67
6.96,25.96
6.5600000000000005,25.56
7.0,26.0
6.99,25.99
6.62,25.62
6.68,25.68
6.05,25.05
6.21,26.21
6.48,26.48
6.54,26.54
6.03,26.03
6.88,26.88
6.59,26.59
6.15,26.15
6.34,26.34
6.61,26.61
6.62,26.62
6.9,38.9
6.03,38.03
6.57,38.57
6.7,38.7
6.1,38.1
6.36,38.36
6.16,38.16
6.03,38.03
6.52,38.52
6.08,38.08
7.1,1.1
7.5,1.5
7.47,1.47
7.61,1.6099999999999999
7.82,1.8199999999999998
7.18,1.18
7.29,1.29
7.3,1.3
7.01,1.01
7.5,1.5
7.77,17.77
7.43,17.43
7.41,17.41
7.15,17.15
7.07,17.07
7.27,17.27
7.36,17.36
7.07,17.07
7.37,17.37
7.41,17.41
7.5600000000000005,23.56
7.38,23.38
7.92,23.92
7.04,23.04
7.13,23.13
7.4,23.4
7.91,23.91
7.68,23.68
7.62,23.62
7.58,23.58
7.73,26.73
7.85,26.85
7.06,26.06
7.11,26.11
7.49,26.49
7.45,26.45
7.18,26.18
7.52,26.52
7.06,26.06
7.67,26.67
7.6,38.6
7.75,38.75
7.34,38.34
7.29,38.29
7.0,38.0
7.11,38.11
7.57,38.57
7.6,38.6
7.29,38.29
7.11,38.11
7.23,39.23
7.45,39.45
7.97,39.97
7.06,39.06
7.23,39.23
7.52,39.52
7.35,39.35
7.92,39.92
7.63,39.63
7.75,39.75
8.36,1.3599999999999999
8.41,1.41
8.51,1.51
8.64,1.6400000000000001
8.25,1.25
8.71,1.71
8.06,1.06
8.35,1.35
8.02,1.02
8.86,1.8599999999999999
8.58,15.58
8.54,15.54
8.42,15.42
8.32,15.32
8.85,15.85
8.75,15.75
8.47,15.47
8.21,15.21
8.16,15.16
8.37,15.37
8.14,16.14
8.49,16.49
8.17,16.17
8.71,16.71
8.18,16.18
8.35,16.35
8.79,16.79
8.84,16.84
8.11,16.11
8.81,16.81
8.92,17.92
8.04,17.04
8.54,17.54
8.01,17.01
8.69,17.69
8.5,17.5
8.36,17.36
8.94,17.94
8.02,17.02
8.01,17.01
8.81,18.81
8.43,18.43
8.33,18.33
8.29,18.29
8.63,18.63
8.12,18.12
8.51,18.51
8.36,18.36
8.2,18.2
8.6,18.6
8.0,23.0
8.17,23.17
8.63,23.63
8.14,23.14
8.23,23.23
8.77,23.77
9.0,24.0
8.43,23.43
8.67,23.67
8.87,23.87
8.55,26.55
8.96,26.96
8.66,26.66
8.95,26.95
8.4,26.4
8.1,26.1
8.52,26.52
8.89,26.89
8.97,26.97
8.69,26.69
8.18,39.18
8.65,39.65
8.22,39.22
8.56,39.56
8.45,39.45
8.26,39.26
8.75,39.75
8.62,39.62
8.55,39.55
8.58,39.58
9.31,1.31
9.89,1.8900000000000001
9.73,1.73
9.55,1.55
9.08,1.08
9.45,1.45
9.38,1.38
9.19,1.19
10.0,2.0
9.83,1.83
9.62,15.62
9.22,15.22
9.24,15.24
9.31,15.31
9.49,15.49
10.0,16.0
9.48,15.48
9.16,15.16
9.23,15.23
9.35,15.35
9.04,18.04
9.9,18.9
9.19,18.19
9.69,18.69
9.87,18.87
9.84,18.84
9.34,18.34
9.11,18.11
9.89,18.89
9.78,18.78
9.74,23.74
9.76,23.76
9.38,23.38
9.79,23.79
9.61,23.61
9.72,23.72
9.61,23.61
9.8,23.8
9.85,23.85
9.17,23.17
9.55,26.55
9.97,26.97
9.94,26.94
9.36,26.36
9.14,26.14
9.37,26.37
9.55,26.55
9.34,26.34
9.12,26.12
9.12,26.12
9.46,39.46
9.53,39.53
9.52,39.52
9.12,39.12
9.23,39.23
9.96,39.96
9.8,39.8
9.38,39.38
9.32,39.32
9.94,39.94
10.67,1.67
10.98,1.98
10.45,1.45
10.65,1.65
10.41,1.41
10.16,1.16
10.64,1.6400000000000001
10.02,1.02
10.09,1.09
10.18,1.18
10.15,15.15
10.88,15.88
10.52,15.52
10.74,15.74
10.57,15.57
10.73,15.73
10.72,15.72
10.66,15.66
10.23,15.23
10.9,15.9
10.26,18.26
10.64,18.64
10.56,18.56
10.04,18.04
10.52,18.52
10.58,18.58
10.8,18.8
10.48,18.48
10.1,18.1
10.26,18.26
10.53,23.53
10.77,23.77
10.81,23.81
10.1,23.1
10.35,23.35
10.51,23.51
10.05,23.05
10.43,23.43
10.9,23.9
10.29,23.29
10.27,26.27
10.6,26.6
10.18,26.18
10.41,26.41
10.38,26.38
10.44,26.44
10.14,26.14
10.15,26.15
10.02,26.02
10.86,26.86
10.29,27.29
10.31,27.31
10.25,27.25
10.38,27.38
10.47,27.47
10.63,27.63
10.37,27.37
10.05,27.05
10.56,27.56
10.53,27.53
10.36,28.36
10.72,28.72
10.98,28.98
10.5,28.5
10.73,28.73
10.59,28.59
10.61,28.61
10.97,28.97
10.67,28.67
10.03,28.03
10.69,29.69
10.36,29.36
10.99,29.99
10.44,29.44
10.28,29.28
10.47,29.47
10.9,29.9
10.39,29.39
10.93,29.93
10.31,29.31
10.63,30.63
10.33,30.33
10.98,30.98
10.13,30.13
10.28,30.28
10.28,30.28
10.14,30.14
10.66,30.66
10.6,30.6
10.82,30.82
10.1,39.1
10.95,39.95
10.03,39.03
10.04,39.04
10.85,39.85
10.16,39.16
10.42,39.42
10.45,39.45
10.38,39.38
10.94,39.94
11.37,1.37
11.06,1.06
11.11,1.11
11.87,1.87
11.48,1.48
11.23,1.23
11.43,1.43
11.36,1.3599999999999999
11.96,1.96
11.98,1.98
11.42,15.42
11.07,15.07
11.3,15.3
11.93,15.93
11.68,15.68
11.98,15.98
11.16,15.16
11.14,15.14
11.51,15.51
11.78,15.78
11.34,18.34
11.13,18.13
11.7,18.7
11.31,18.31
11.19,18.19
11.08,18.08
11.83,18.83
11.31,18.31
11.43,18.43
11.77,18.77
11.91,19.91
11.2,19.2
11.9,19.9
11.87,19.87
11.83,19.83
11.03,19.03
11.31,19.31
11.89,19.89
11.02,19.02
11.95,19.95
11.04,23.04
11.98,23.98
11.17,23.17
11.25,23.25
11.02,23.02
11.18,23.18
11.13,23.13
11.89,23.89
11.06,23.06
11.49,23.49
11.74,30.74
11.59,30.59
11.45,30.45
11.86,30.86
11.92,30.92
11.14,30.14
11.82,30.82
11.71,30.71
11.14,30.14
11.71,30.71
11.76,37.76
11.57,37.57
11.75,37.75
11.73,37.73
11.43,37.43
11.13,37.13
11.56,37.56
11.22,37.22
11.87,37.87
11.18,37.18
11.18,38.18
11.62,38.62
11.05,38.05
11.64,38.64
11.54,38.54
11.53,38.53
11.56,38.56
11.85,38.85
11.36,38.36
11.87,38.87
11.22,39.22
11.53,39.53
11.57,39.57
11.24,39.24
11.33,39.33
11.11,39.11
11.3,39.3
11.5,39.5
11.68,39.68
11.45,39.45
12.96,1.96
12.91,1.9100000000000001
12.47,1.47
12.6,1.6
12.39,1.3900000000000001
12.7,1.7
12.93,1.9300000000000002
12.59,1.5899999999999999
12.17,1.17
12.82,1.8199999999999998
12.53,2.5300000000000002
12.09,2.09
12.88,2.88
12.34,2.34
12.49,2.49
12.43,2.43
12.04,2.04
12.23,2.23
12.29,2.29
12.71,2.71
12.84,3.84
12.4,3.4
12.72,3.7199999999999998
12.34,3.34
12.05,3.05
12.62,3.62
12.14,3.14
12.2,3.2
12.91,3.91
12.4,3.4
12.85,11.85
12.95,11.95
12.72,11.72
12.69,11.69
12.97,11.97
12.62,11.62
12.34,11.34
12.89,11.89
12.77,11.77
12.32,11.32
12.45,12.45
12.7,12.7
12.47,12.47
12.75,12.75
12.66,12.66
12.56,12.56
12.01,12.01
12.85,12.85
12.34,12.34
12.18,12.18
12.62,13.62
12.85,13.85
12.84,13.84
12.93,13.93
12.75,13.75
12.75,13.75
12.71,13.71
12.41,13.41
12.01,13.01
12.26,13.26
12.86,14.86
12.59,14.59
12.54,14.54
12.78,14.78
12.58,14.58
12.41,14.41
12.93,14.93
12.72,14.72
12.84,14.84
12.75,14.75
12.22,15.22
12.92,15.92
12.07,15.07
12.89,15.89
12.39,15.39
12.47,15.47
12.23,15.23
12.23,15.23
12.34,15.34
12.84,15.84
12.41,19.41
12.07,19.07
12.34,19.34
12.13,19.13
12.81,19.81
12.58,19.58
12.04,19.04
12.83,19.83
12.98,19.98
12.94,19.94
12.73,22.73
12.33,22.33
12.14,22.14
12.06,22.06
12.09,22.09
12.13,22.13
12.85,22.85
12.96,22.96
12.6,22.6
12.81,22.81
12.1,23.1
12.93,23.93
12.55,23.55
12.55,23.55
12.38,23.38
12.78,23.78
12.58,23.58
12.19,23.19
12.51,23.51
12.41,23.41
12.22,30.22
12.4,30.4
12.13,30.13
12.65,30.65
12.22,30.22
12.84,30.84
12.09,30.09
12.97,30.97
12.14,30.14
12.82,30.82
12.49,35.49
12.37,35.37
12.7,35.7
12.04,35.04
12.42,35.42
12.07,35.07
12.43,35.43
12.21,35.21
12.66,35.66
12.49,35.49
12.73,36.73
12.79,36.79
12.89,36.89
12.06,36.06
12.21,36.21
12.32,36.32
12.62,36.62
12.08,36.08
12.24,36.24
12.33,36.33
12.32,37.32
12.65,37.65
12.98,37.98
12.71,37.71
12.22,37.22
12.32,37.32
12.19,37.19
12.83,37.83
12.66,37.66
12.79,37.79
13.79,3.79
13.88,3.88
13.69,3.69
13.44,3.44
13.33,3.33
13.26,3.26
14.0,4.0
13.44,3.44
13.53,3.5300000000000002
13.13,3.13
13.53,11.53
13.87,11.87
13.2,11.2
13.58,11.58
13.22,11.22
13.7,11.7
13.2,11.2
13.12,11.12
14.0,12.0
13.79,11.79
13.15,19.15
13.2,19.2
13.86,19.86
13.19,19.19
13.55,19.55
13.41,19.41
13.06,19.06
13.37,19.37
13.07,19.07
13.14,19.14
13.4,22.4
13.83,22.83
13.76,22.76
13.28,22.28
13.84,22.84
13.86,22.86
13.18,22.18
13.38,22.38
13.9,22.9
13.73,22.73
13.76,30.76
13.18,30.18
13.4,30.4
13.89,30.89
13.66,30.66
13.41,30.41
13.78,30.78
13.54,30.54
13.03,30.03
13.82,30.82
13.18,33.18
13.46,33.46
13.58,33.58
13.04,33.04
13.75,33.75
13.04,33.04
13.48,33.48
13.21,33.21
13.88,33.88
13.78,33.78
13.33,34.33
13.95,34.95
13.23,34.23
13.9,34.9
13.26,34.26
13.26,34.26
13.42,34.42
13.54,34.54
13.73,34.73
13.2,34.2
13.45,35.45
13.72,35.72
13.64,35.64
13.0,35.0
13.17,35.17
13.1,35.1
13.12,35.12
13.08,35.08
13.07,35.07
13.74,35.74
14.79,3.79
14.22,3.22
15.0,4.0
14.28,3.2800000000000002
14.86,3.86
14.57,3.57
14.28,3.2800000000000002
14.89,3.89
14.62,3.62
14.85,3.85
14.66,4.66
14.44,4.44
14.63,4.63
14.05,4.05
14.72,4.72
14.7,4.7
14.13,4.13
14.78,4.78
14.61,4.61
14.32,4.32
14.87,5.87
14.17,5.17
14.56,5.5600000000000005
14.41,5.41
14.33,5.33
14.71,5.71
14.8,5.8
14.92,5.92
14.31,5.31
14.47,5.47
14.0,6.0
14.94,6.9399999999999995
14.66,6.66
14.4,6.4
14.49,6.49
14.05,6.05
14.19,6.19
14.33,6.33
14.87,6.87
14.76,6.76
14.16,7.16
14.36,7.36
14.29,7.29
14.61,7.61
14.74,7.74
14.98,7.98
14.13,7.13
14.65,7.65
14.78,7.78
14.61,7.61
14.09,8.09
14.64,8.64
14.22,8.22
14.91,8.91
14.52,8.52
14.38,8.38
14.66,8.66
14.95,8.95
14.84,8.84
14.46,8.46
14.24,9.24
14.23,9.23
14.58,9.58
14.24,9.24
14.46,9.46
14.89,9.89
14.62,9.62
14.54,9.54
14.27,9.27
14.46,9.46
14.68,10.68
14.95,10.95
14.42,10.42
14.57,10.57
14.3,10.3
14.36,10.36
14.61,10.61
14.73,10.73
14.41,10.41
14.73,10.73
14.69,11.69
14.2,11.2
15.0,12.0
14.1,11.1
14.34,11.34
14.32,11.32
14.53,11.53
14.21,11.21
14.4,11.4
14.98,11.98
14.28,19.28
14.49,19.49
14.58,19.58
14.85,19.85
14.54,19.54
14.77,19.77
14.91,19.91
14.68,19.68
14.94,19.94
14.26,19.26
14.22,22.22
14.78,22.78
14.84,22.84
14.74,22.74
14.91,22.91
14.02,22.02
14.5,22.5
14.37,22.37
14.81,22.81
14.56,22.56
14.18,30.18
14.85,30.85
14.38,30.38
14.73,30.73
14.5,30.5
14.11,30.11
14.77,30.77
14.46,30.46
14.08,30.08
14.02,30.02
14.95,31.95
14.54,31.54
14.42,31.42
14.12,31.12
14.26,31.26
14.92,31.92
14.27,31.27
14.96,31.96
14.65,31.65
14.66,31.66
14.49,32.49
14.5,32.5
14.49,32.49
14.63,32.63
14.11,32.11
14.61,32.61
14.45,32.45
14.8,32.8
14.3,32.3
14.66,32.66
14.04,33.04
14.55,33.55
14.1,33.1
14.24,33.24
14.86,33.86
14.51,33.51
14.54,33.54
14.96,33.96
14.0,33.0
14.83,33.83
15.41,18.41
15.42,18.42
15.13,18.13
15.21,18.21
15.38,18.38
15.77,18.77
15.49,18.49
15.96,18.96
15.28,18.28
15.18,18.18
15.33,19.33
15.77,19.77
15.52,19.52
15.48,19.48
15.11,19.11
15.08,19.08
15.2,19.2
15.59,19.59
15.06,19.06
15.59,19.59
15.52,22.52
15.99,22.99
15.51,22.51
15.21,22.21
15.14,22.14
15.5,22.5
15.51,22.51
15.77,22.77
15.85,22.85
15.93,22.93
16.34,18.34
16.88,18.88
16.75,18.75
16.21,18.21
16.05,18.05
16.5,18.5
16.38,18.38
16.35,18.35
16.34,18.34
16.94,18.94
16.23,22.23
16.26,22.26
16.06,22.06
16.47,22.47
16.26,22.26
16.4,22.4
16.13,22.13
16.19,22.19
16.48,22.48
16.87,22.87
16.09,23.09
16.25,23.25
16.56,23.56
16.17,23.17
16.89,23.89
16.87,23.87
16.91,23.91
16.49,23.49
16.89,23.89
16.69,23.69
17.42,3.42
17.0,3.0
17.91,3.91
17.62,3.62
17.66,3.66
17.82,3.82
17.49,3.49
17.05,3.05
17.27,3.27
17.36,3.36
17.84,4.84
17.59,4.59
17.2,4.2
17.68,4.68
17.7,4.7
17.49,4.49
17.97,4.97
17.65,4.65
17.19,4.19
17.03,4.03
17.38,5.38
17.77,5.77
17.75,5.75
17.55,5.55
17.43,5.43
17.21,5.21
17.5,5.5
17.94,5.9399999999999995
17.97,5.97
17.94,5.9399999999999995
17.55,6.55
17.8,6.8
17.75,6.75
17.5,6.5
17.56,6.5600000000000005
17.33,6.33
17.91,6.91
17.46,6.46
17.61,6.61
17.73,6.73
17.47,7.47
17.9,7.9
17.17,7.17
17.79,7.79
17.61,7.61
17.59,7.59
17.0,7.0
17.38,7.38
17.28,7.28
17.56,7.5600000000000005
17.77,8.77
17.98,8.98
17.18,8.18
17.68,8.68
18.0,9.0
17.45,8.45
17.12,8.12
17.83,8.83
17.23,8.23
17.26,8.26
17.46,9.46
17.66,9.66
17.17,9.17
17.7,9.7
17.3,9.3
17.91,9.91
17.76,9.76
17.47,9.47
17.36,9.36
17.82,9.82
17.91,10.91
17.26,10.26
17.56,10.56
17.12,10.12
17.48,10.48
17.34,10.34
17.57,10.57
17.44,10.44
17.13,10.13
17.07,10.07
17.2,11.2
18.0,12.0
17.45,11.45
17.88,11.88
17.13,11.13
17.41,11.41
17.84,11.84
17.62,11.62
17.79,11.79
17.83,11.83
17.44,18.44
17.49,18.49
17.74,18.74
17.05,18.05
17.99,18.99
17.38,18.38
17.57,18.57
17.45,18.45
17.18,18.18
17.62,18.62
17.07,23.07
17.31,23.31
17.48,23.48
17.29,23.29
17.26,23.26
17.81,23.81
17.75,23.75
17.64,23.64
17.35,23.35
17.37,23.37
18.58,3.58
18.61,3.61
18.77,3.77
18.13,3.13
18.44,3.44
18.11,3.11
18.0,3.0
18.06,3.06
18.24,3.24
18.07,3.07
18.02,11.02
18.04,11.04
18.76,11.76
18.03,11.03
18.29,11.29
18.86,11.86
18.19,11.19
18.98,11.98
18.73,11.73
18.84,11.84
18.68,18.68
18.69,18.69
18.09,18.09
18.61,18.61
18.57,18.57
18.93,18.93
18.35,18.35
18.56,18.56
18.55,18.55
18.92,18.92
18.55,23.55
18.28,23.28
18.41,23.41
18.83,23.83
18.95,23.95
18.44,23.44
18.99,23.99
18.53,23.53
18.9,23.9
18.09,23.09
18.44,29.44
18.46,29.46
18.54,29.54
18.6,29.6
18.55,29.55
18.5,29.5
18.41,29.41
18.93,29.93
18.42,29.42
18.03,29.03
18.67,30.67
18.62,30.62
18.63,30.63
18.84,30.84
18.12,30.12
18.77,30.77
18.26,30.26
18.95,30.95
18.02,30.02
18.12,30.12
18.34,31.34
18.71,31.71
18.31,31.31
18.26,31.26
18.43,31.43
18.53,31.53
18.29,31.29
18.48,31.48
18.57,31.57
18.93,31.93
18.91,32.91
18.17,32.17
18.24,32.24
18.7,32.7
18.66,32.66
18.09,32.09
18.83,32.83
18.64,32.64
18.39,32.39
18.58,32.58
18.05,33.05
18.23,33.23
18.2,33.2
18.86,33.86
18.02,33.02
18.19,33.19
18.56,33.56
18.16,33.16
18.68,33.68
18.64,33.64
18.51,34.51
18.44,34.44
18.53,34.53
18.03,34.03
18.03,34.03
18.13,34.13
18.18,34.18
18.37,34.37
18.36,34.36
18.57,34.57
18.58,35.58
18.75,35.75
18.68,35.68
18.85,35.85
18.09,35.09
18.36,35.36
18.53,35.53
18.91,35.91
18.53,35.53
18.17,35.17
18.21,36.21
18.61,36.61
18.63,36.63
18.3,36.3
18.5,36.5
18.69,36.69
18.94,36.94
18.06,36.06
18.08,36.08
18.89,36.89
18.54,37.54
18.58,37.58
18.47,37.47
18.06,37.06
18.75,37.75
18.37,37.37
18.43,37.43
18.91,37.91
18.54,37.54
18.48,37.48
19.43,0.43
19.69,0.69
19.37,0.37
19.7,0.7
19.42,0.42
19.16,0.16
19.07,0.07
19.36,0.36
19.11,0.11
19.97,0.97
19.37,1.37
19.72,1.72
19.38,1.38
19.88,1.88
19.54,1.54
19.39,1.3900000000000001
19.4,1.4
19.14,1.1400000000000001
19.29,1.29
19.67,1.67
19.58,2.58
19.46,2.46
19.22,2.22
19.96,2.96
19.94,2.94
19.0,2.0
19.29,2.29
19.97,2.9699999999999998
19.69,2.69
19.11,2.11
19.87,3.87
19.8,3.8
19.14,3.14
19.47,3.4699999999999998
19.59,3.59
19.85,3.85
19.27,3.27
19.65,3.65
19.0,3.0
19.42,3.42
19.31,11.31
19.64,11.64
19.9,11.9
19.31,11.31
19.93,11.93
19.22,11.22
19.38,11.38
19.33,11.33
19.33,11.33
19.33,11.33
19.12,18.12
19.2,18.2
19.61,18.61
19.71,18.71
19.54,18.54
19.62,18.62
19.43,18.43
19.93,18.93
19.08,18.08
19.69,18.69
19.67,19.67
19.67,19.67
19.77,19.77
19.23,19.23
19.47,19.47
19.46,19.46
19.83,19.83
19.35,19.35
19.98,19.98
19.51,19.51
19.17,20.17
19.46,20.46
19.42,20.42
19.19,20.19
19.83,20.83
19.36,20.36
19.92,20.92
19.66,20.66
19.88,20.88
19.58,20.58
19.03,21.03
19.43,21.43
19.8,21.8
19.53,21.53
19.27,21.27
19.03,21.03
19.36,21.36
19.0,21.0
19.62,21.62
19.8,21.8
19.05,22.05
19.22,22.22
19.26,22.26
19.57,22.57
19.68,22.68
19.08,22.08
20.0,23.0
19.19,22.19
19.14,22.14
19.01,22.01
19.68,27.68
19.34,27.34
19.82,27.82
19.75,27.75
19.83,27.83
19.59,27.59
19.36,27.36
19.83,27.83
19.1,27.1
19.54,27.54
19.62,28.62
19.15,28.15
19.95,28.95
19.03,28.03
19.32,28.32
19.82,28.82
19.9,28.9
19.71,28.71
19.61,28.61
19.32,28.32
19.1,29.1
19.84,29.84
19.51,29.51
19.73,29.73
19.71,29.71
19.24,29.24
19.43,29.43
19.71,29.71
19.85,29.85
19.14,29.14
19.69,37.69
19.41,37.41
19.38,37.38
19.68,37.68
19.23,37.23
19.45,37.45
20.0,38.0
19.27,37.27
19.93,37.93
19.93,37.93
19.73,38.73
19.65,38.65
19.25,38.25
19.26,38.26
20.0,39.0
19.75,38.75
19.69,38.69
19.54,38.54
19.15,38.15
19.04,38.04
20.75,0.75
20.43,0.43
20.77,0.77
20.68,0.68
20.19,0.19
20.25,0.25
20.81,0.81
20.62,0.62
20.31,0.31
20.74,0.74
20.59,11.59
20.49,11.49
20.15,11.15
20.23,11.23
20.1,11.1
20.65,11.65
20.64,11.64
20.13,11.13
20.35,11.35
20.53,11.53
20.75,12.75
20.92,12.92
20.52,12.52
20.28,12.28
20.18,12.18
20.81,12.81
20.82,12.82
20.05,12.05
20.26,12.26
20.43,12.43
20.31,13.31
20.5,13.5
20.0,13.0
20.6,13.6
20.59,13.59
20.07,13.07
20.6,13.6
20.21,13.21
20.36,13.36
20.23,13.23
20.42,14.42
20.22,14.22
20.36,14.36
20.1,14.1
20.95,14.95
20.85,14.85
20.39,14.39
20.89,14.89
20.02,14.02
20.64,14.64
20.1,18.1
20.97,18.97
20.39,18.39
20.86,18.86
20.5,18.5
20.6,18.6
20.39,18.39
20.04,18.04
20.64,18.64
20.75,18.75
20.88,20.88
20.96,20.96
20.55,20.55
20.99,20.99
20.38,20.38
20.9,20.9
20.7,20.7
20.16,20.16
20.07,20.07
20.35,20.35
20.54,27.54
20.69,27.69
20.87,27.87
20.36,27.36
20.14,27.14
20.37,27.37
20.95,27.95
20.4,27.4
20.57,27.57
20.53,27.53
20.33,38.33
20.73,38.73
20.35,38.35
20.12,38.12
20.82,38.82
20.42,38.42
20.23,38.23
20.93,38.93
20.45,38.45
20.37,38.37
21.59,0.59
21.05,0.05
21.65,0.65
21.27,0.27
21.52,0.52
21.16,0.16
21.84,0.84
21.2,0.2
21.58,0.58
22.0,1.0
21.49,14.49
21.37,14.37
21.82,14.82
21.9,14.9
21.92,14.92
21.06,14.06
21.13,14.13
21.59,14.59
21.58,14.58
21.85,14.85
21.68,18.68
21.06,18.06
21.11,18.11
21.68,18.68
21.79,18.79
21.89,18.89
21.87,18.87
21.31,18.31
21.04,18.04
21.02,18.02
21.97,20.97
21.97,20.97
21.4,20.4
21.58,20.58
21.17,20.17
21.32,20.32
21.17,20.17
21.92,20.92
21.44,20.44
21.83,20.83
21.1,25.1
21.91,25.91
21.7,25.7
21.13,25.13
21.85,25.85
21.92,25.92
21.33,25.33
21.5,25.5
21.28,25.28
21.4,25.4
21.5,26.5
21.77,26.77
21.08,26.08
21.06,26.06
21.03,26.03
21.61,26.61
21.61,26.61
21.46,26.46
21.37,26.37
21.14,26.14
21.52,27.52
21.71,27.71
21.23,27.23
21.93,27.93
21.8,27.8
21.96,27.96
21.77,27.77
21.72,27.72
21.24,27.24
21.8,27.8
21.08,38.08
21.73,38.73
21.45,38.45
21.88,38.88
21.46,38.46
21.42,38.42
21.51,38.51
21.24,38.24
21.32,38.32
21.53,38.53
22.28,0.28
22.95,0.95
22.28,0.28
22.87,0.87
22.84,0.84
22.01,0.01
22.23,0.23
22.5,0.5
22.46,0.46
22.98,0.98
22.54,14.54
22.81,14.81
22.4,14.4
22.61,14.61
22.64,14.64
22.14,14.14
22.68,14.68
22.7,14.7
22.38,14.38
22.4,14.4
22.33,18.33
22.68,18.68
22.62,18.62
22.06,18.06
22.5,18.5
22.6,18.6
22.67,18.67
22.31,18.31
22.28,18.28
22.47,18.47
22.34,19.34
22.36,19.36
22.74,19.74
22.72,19.72
22.28,19.28
22.22,19.22
22.04,19.04
22.99,19.99
22.26,19.26
22.9,19.9
22.54,20.54
22.84,20.84
22.92,20.92
22.76,20.76
22.43,20.43
22.37,20.37
22.92,20.92
22.81,20.81
22.23,20.23
22.7,20.7
22.66,21.66
22.48,21.48
22.91,21.91
22.0,21.0
22.04,21.04
22.93,21.93
22.11,21.11
22.01,21.01
22.24,21.24
22.87,21.87
22.52,22.52
22.62,22.62
22.51,22.51
22.4,22.4
22.09,22.09
22.68,22.68
22.02,22.02
22.21,22.21
22.95,22.95
22.21,22.21
22.79,23.79
22.7,23.7
22.06,23.06
22.23,23.23
22.22,23.22
22.71,23.71
22.84,23.84
22.4,23.4
22.95,23.95
22.24,23.24
22.93,24.93
22.94,24.94
22.59,24.59
22.53,24.53
22.37,24.37
22.29,24.29
22.5,24.5
22.47,24.47
22.92,24.92
22.91,24.91
22.7,25.7
22.32,25.32
22.85,25.85
22.85,25.85
22.85,25.85
22.13,25.13
22.06,25.06
22.85,25.85
22.58,25.58
22.53,25.53
22.32,38.32
22.03,38.03
22.28,38.28
22.52,38.52
22.88,38.88
22.12,38.12
22.89,38.89
22.25,38.25
22.23,38.23
22.29,38.29
23.54,0.54
23.05,0.05
23.07,0.07
23.91,0.91
23.3,0.3
23.99,0.99
23.56,0.56
23.56,0.56
23.42,0.42
23.23,0.23
23.23,1.23
23.42,1.42
23.05,1.05
23.9,1.9
23.0,1.0
23.59,1.5899999999999999
23.21,1.21
23.78,1.78
23.18,1.18
23.78,1.78
23.58,14.58
23.57,14.57
23.01,14.01
23.17,14.17
23.07,14.07
23.26,14.26
23.8,14.8
23.72,14.72
23.04,14.04
23.32,14.32
23.74,15.74
23.77,15.77
23.9,15.9
23.26,15.26
23.62,15.62
23.48,15.48
23.47,15.47
23.01,15.01
23.73,15.73
23.3,15.3
23.7,16.7
23.78,16.78
23.57,16.57
23.18,16.18
23.74,16.74
23.92,16.92
23.73,16.73
23.66,16.66
23.0,16.0
23.25,16.25
23.84,17.84
23.55,17.55
23.85,17.85
23.17,17.17
23.42,17.42
23.32,17.32
23.08,17.08
23.17,17.17
23.78,17.78
23.39,17.39
23.21,18.21
23.36,18.36
23.84,18.84
23.38,18.38
23.39,18.39
23.1,18.1
23.1,18.1
23.87,18.87
23.91,18.91
23.28,18.28
23.32,19.32
23.43,19.43
23.37,19.37
23.23,19.23
23.29,19.29
23.33,19.33
23.84,19.84
23.81,19.81
23.04,19.04
23.76,19.76
23.82,24.82
23.68,24.68
23.46,24.46
23.62,24.62
23.96,24.96
23.47,24.47
23.05,24.05
23.41,24.41
23.3,24.3
23.15,24.15
23.09,38.09
23.12,38.12
23.81,38.81
23.92,38.92
23.83,38.83
23.07,38.07
23.66,38.66
23.51,38.51
23.93,38.93
23.74,38.74
24.39,1.3900000000000001
24.35,1.35
24.18,1.18
24.07,1.07
24.7,1.7
24.93,1.9300000000000002
24.4,1.4
24.67,1.67
24.65,1.65
24.0,1.0
24.38,15.38
24.4,15.4
24.69,15.69
24.52,15.52
24.16,15.16
24.45,15.45
24.22,15.22
24.73,15.73
24.09,15.09
24.89,15.89
24.53,19.53
24.2,19.2
24.35,19.35
24.38,19.38
24.68,19.68
24.8,19.8
24.01,19.01
24.76,19.76
24.31,19.31
24.48,19.48
24.75,24.75
24.0,24.0
24.61,24.61
24.35,24.35
24.87,24.87
25.0,25.0
24.73,24.73
24.03,24.03
24.61,24.61
24.5,24.5
24.69,25.69
24.53,25.53
24.92,25.92
24.79,25.79
24.57,25.57
24.49,25.49
24.51,25.51
24.82,25.82
24.41,25.41
24.28,25.28
24.38,26.38
24.96,26.96
24.94,26.94
24.48,26.48
24.55,26.55
24.22,26.22
24.8,26.8
24.67,26.67
24.85,26.85
24.45,26.45
24.32,38.32
24.24,38.24
24.17,38.17
24.52,38.52
24.5,38.5
24.39,38.39
24.09,38.09
24.6,38.6
24.57,38.57
24.15,38.15
25.84,1.8399999999999999
25.6,1.6
25.48,1.48
25.71,1.71
25.22,1.22
25.15,1.15
25.27,1.27
25.55,1.55
25.78,1.78
25.43,1.43
25.38,15.38
25.18,15.18
25.35,15.35
25.53,15.53
25.16,15.16
25.78,15.78
25.62,15.62
25.37,15.37
25.29,15.29
25.24,15.24
25.0,19.0
25.77,19.77
25.09,19.09
25.97,19.97
25.33,19.33
25.36,19.36
25.27,19.27
25.13,19.13
25.68,19.68
25.49,19.49
25.87,20.87
25.22,20.22
25.59,20.59
25.51,20.51
25.99,20.99
25.3,20.3
25.47,20.47
25.72,20.72
25.17,20.17
25.96,20.96
25.71,26.71
25.3,26.3
25.72,26.72
25.86,26.86
25.14,26.14
25.15,26.15
25.27,26.27
25.65,26.65
25.02,26.02
25.33,26.33
25.97,37.97
25.85,37.85
25.61,37.61
25.34,37.34
25.77,37.77
25.83,37.83
25.63,37.63
25.4,37.4
25.1,37.1
25.12,37.12
25.48,38.48
25.96,38.96
25.6,38.6
25.88,38.88
25.21,38.21
25.95,38.95
25.69,38.69
25.04,38.04
25.83,38.83
25.78,38.78
26.91,0.91
26.39,0.39
26.01,0.01
26.71,0.71
26.58,0.58
26.87,0.87
26.86,0.86
26.58,0.58
26.24,0.24
26.61,0.61
26.5,1.5
26.78,1.78
26.19,1.19
26.06,1.06
26.95,1.95
26.53,1.53
26.26,1.26
26.76,1.76
26.41,1.41
26.2,1.2
26.3,5.3
26.65,5.65
26.65,5.65
26.75,5.75
26.79,5.79
26.39,5.39
26.57,5.57
26.19,5.19
26.35,5.35
26.64,5.64
26.85,6.85
26.45,6.45
26.89,6.89
26.49,6.49
26.75,6.75
26.3,6.3
26.65,6.65
26.35,6.35
26.81,6.8100000000000005
26.35,6.35
26.59,7.59
26.66,7.66
26.45,7.45
26.58,7.58
26.61,7.61
26.22,7.22
26.59,7.59
26.4,7.4
26.56,7.5600000000000005
26.14,7.14
26.53,8.53
26.05,8.05
26.14,8.14
26.33,8.33
26.41,8.41
26.31,8.31
26.84,8.84
26.17,8.17
26.39,8.39
26.35,8.35
26.85,15.85
26.48,15.48
26.71,15.71
26.8,15.8
26.46,15.46
26.44,15.44
26.08,15.08
26.1,15.1
26.25,15.25
26.89,15.89
26.51,20.51
26.47,20.47
26.31,20.31
26.91,20.91
26.3,20.3
26.51,20.51
26.84,20.84
26.76,20.76
26.56,20.56
26.4,20.4
26.7,26.7
26.19,26.19
26.13,26.13
26.4,26.4
26.7,26.7
26.92,26.92
26.58,26.58
26.82,26.82
26.13,26.13
26.29,26.29
26.92,37.92
26.16,37.16
26.19,37.19
26.17,37.17
26.07,37.07
26.31,37.31
26.23,37.23
26.69,37.69
26.63,37.63
26.28,37.28
27.47,0.47
27.36,0.36
27.92,0.92
27.21,0.21
27.53,0.53
27.76,0.76
27.74,0.74
27.18,0.18
27.01,0.01
27.09,0.09
27.04,5.04
27.23,5.23
27.7,5.7
27.29,5.29
27.66,5.66
27.12,5.12
27.11,5.11
27.84,5.84
27.59,5.59
27.51,5.51
27.91,8.91
27.56,8.56
27.3,8.3
27.39,8.39
27.73,8.73
27.79,8.79
27.46,8.46
27.8,8.8
27.02,8.02
27.62,8.62
27.85,15.85
27.91,15.91
27.27,15.27
27.24,15.24
27.26,15.26
27.77,15.77
27.12,15.12
27.65,15.65
27.54,15.54
27.11,15.11
27.73,20.73
27.93,20.93
27.18,20.18
27.43,20.43
27.54,20.54
27.68,20.68
27.05,20.05
27.17,20.17
27.28,20.28
27.54,20.54
27.57,26.57
27.2,26.2
27.41,26.41
27.88,26.88
27.66,26.66
27.72,26.72
27.21,26.21
27.15,26.15
27.61,26.61
27.65,26.65
27.64,27.64
27.46,27.46
27.29,27.29
27.75,27.75
27.89,27.89
27.27,27.27
27.65,27.65
27.84,27.84
27.13,27.13
27.94,27.94
27.07,28.07
27.24,28.24
27.01,28.01
27.54,28.54
27.47,28.47
27.12,28.12
27.33,28.33
27.82,28.82
27.22,28.22
27.7,28.7
27.77,29.77
27.7,29.7
27.94,29.94
27.24,29.24
27.36,29.36
27.29,29.29
27.75,29.75
28.0,30.0
27.58,29.58
27.07,29.07
27.33,37.33
27.43,37.43
27.32,37.32
27.42,37.42
27.97,37.97
27.7,37.7
27.78,37.78
27.12,37.12
27.61,37.61
27.55,37.55
28.73,0.73
28.36,0.36
28.61,0.61
28.59,0.59
28.79,0.79
28.44,0.44
28.22,0.22
28.6,0.6
28.64,0.64
28.3,0.3
28.72,1.72
28.58,1.58
28.3,1.3
28.8,1.8
28.36,1.3599999999999999
28.69,1.69
28.57,1.5699999999999998
28.21,1.21
28.12,1.12
28.21,1.21
28.13,2.13
28.75,2.75
28.05,2.05
28.2,2.2
28.96,2.96
28.38,2.38
28.16,2.16
28.33,2.33
28.35,2.35
28.87,2.87
28.1,3.1
28.33,3.33
28.36,3.36
28.68,3.68
28.37,3.37
28.13,3.13
28.73,3.73
28.64,3.64
28.93,3.93
28.94,3.94
28.97,4.97
28.94,4.9399999999999995
28.26,4.26
28.07,4.07
28.79,4.79
28.6,4.6
28.99,4.99
28.51,4.51
28.68,4.68
28.66,4.66
28.79,5.79
28.53,5.53
28.94,5.9399999999999995
28.84,5.84
28.82,5.82
28.3,5.3
28.35,5.35
28.57,5.57
28.49,5.49
28.69,5.6899999999999995
28.16,8.16
28.11,8.11
28.19,8.19
28.22,8.22
28.81,8.81
28.52,8.52
28.04,8.04
28.72,8.72
28.55,8.55
28.32,8.32
28.36,12.36
28.12,12.12
28.66,12.66
28.59,12.59
28.24,12.24
28.2,12.2
28.18,12.18
28.37,12.37
28.9,12.9
28.66,12.66
28.69,13.69
28.06,13.06
28.75,13.75
28.41,13.41
28.35,13.35
28.75,13.75
28.6,13.6
28.65,13.65
28.24,13.24
28.32,13.32
28.62,14.62
28.15,14.15
28.56,14.56
28.19,14.19
28.74,14.74
28.4,14.4
28.29,14.29
28.71,14.71
28.69,14.69
28.2,14.2
28.02,15.02
28.52,15.52
28.62,15.62
28.33,15.33
28.4,15.4
28.58,15.58
28.33,15.33
28.0,15.0
28.32,15.32
28.9,15.9
28.61,18.61
28.29,18.29
28.49,18.49
28.44,18.44
28.03,18.03
28.4,18.4
28.78,18.78
28.86,18.86
28.15,18.15
28.91,18.91
28.01,19.01
28.28,19.28
28.86,19.86
28.68,19.68
28.78,19.78
28.41,19.41
28.13,19.13
28.81,19.81
28.66,19.66
28.89,19.89
28.42,20.42
28.36,20.36
28.75,20.75
28.09,20.09
28.2,20.2
28.89,20.89
28.37,20.37
28.22,20.22
28.79,20.79
28.07,20.07
28.55,29.55
28.33,29.33
28.46,29.46
28.46,29.46
28.36,29.36
28.69,29.69
28.2,29.2
28.43,29.43
28.83,29.83
28.35,29.35
28.19,30.19
28.66,30.66
28.51,30.51
28.63,30.63
28.64,30.64
28.34,30.34
28.55,30.55
28.33,30.33
28.1,30.1
28.36,30.36
28.16,31.16
28.54,31.54
28.54,31.54
28.64,31.64
28.74,31.74
28.09,31.09
28.38,31.38
28.51,31.51
28.75,31.75
28.45,31.45
28.47,32.47
28.34,32.34
28.89,32.89
28.16,32.16
28.98,32.98
28.12,32.12
28.0,32.0
28.02,32.02
28.17,32.17
28.99,32.99
28.83,35.83
28.3,35.3
28.69,35.69
28.24,35.24
28.91,35.91
28.73,35.73
28.63,35.63
28.28,35.28
28.12,35.12
28.83,35.83
28.82,36.82
28.54,36.54
28.04,36.04
28.69,36.69
28.09,36.09
28.32,36.32
28.32,36.32
28.43,36.43
28.94,36.94
28.52,36.52
28.52,37.52
28.38,37.38
28.28,37.28
28.85,37.85
28.18,37.18
28.31,37.31
28.14,37.14
28.29,37.29
28.61,37.61
28.85,37.85
29.36,8.36
29.57,8.57
29.57,8.57
29.35,8.35
29.84,8.84
29.01,8.01
29.3,8.3
29.9,8.9
29.5,8.5
29.6,8.6
29.74,9.74
29.76,9.76
29.45,9.45
29.31,9.31
29.7,9.7
29.67,9.67
29.14,9.14
29.96,9.96
29.26,9.26
29.26,9.26
29.48,10.48
29.27,10.27
29.19,10.19
29.24,10.24
29.67,10.67
29.4,10.4
29.37,10.37
29.38,10.38
29.39,10.39
29.96,10.96
29.76,11.76
29.72,11.72
29.15,11.15
29.35,11.35
29.22,11.22
29.58,11.58
29.22,11.22
29.6,11.6
29.06,11.06
29.12,11.12
29.64,12.64
29.03,12.03
29.3,12.3
29.8,12.8
29.69,12.69
29.01,12.01
29.97,12.97
29.49,12.49
29.91,12.91
29.1,12.1
29.81,18.81
29.71,18.71
29.2,18.2
29.37,18.37
29.67,18.67
29.91,18.91
29.08,18.08
29.57,18.57
29.27,18.27
29.0,18.0
29.77,32.77
29.64,32.64
29.05,32.05
29.44,32.44
29.54,32.54
29.38,32.38
29.73,32.73
29.12,32.12
29.93,32.93
29.55,32.55
29.92,33.92
29.03,33.03
29.24,33.24
29.23,33.23
29.12,33.12
29.6,33.6
29.0,33.0
29.27,33.27
29.02,33.02
29.72,33.72
29.2,34.2
29.42,34.42
29.33,34.33
29.5,34.5
29.54,34.54
29.96,34.96
29.2,34.2
29.83,34.83
29.33,34.33
29.14,34.14
29.06,35.06
29.71,35.71
29.1,35.1
29.57,35.57
29.57,35.57
29.99,35.99
29.85,35.85
29.71,35.71
29.02,35.02
29.89,35.89
30.19,18.19
30.74,18.74
30.69,18.69
30.05,18.05
30.97,18.97
30.1,18.1
30.47,18.47
30.64,18.64
30.25,18.25
30.92,18.92
31.04,18.04
31.21,18.21
31.47,18.47
31.99,18.99
31.9,18.9
31.81,18.81
31.21,18.21
31.12,18.12
31.25,18.25
31.49,18.49
32.48,18.48
32.38,18.38
32.45,18.45
32.86,18.86
32.48,18.48
32.35,18.35
32.35,18.35
32.4,18.4
32.4,18.4
32.05,18.05
33.85,18.85
33.62,18.62
33.0,18.0
33.34,18.34
33.56,18.56
33.85,18.85
33.87,18.87
33.83,18.83
33.22,18.22
33.19,18.19
33.37,27.37
33.2,27.2
33.49,27.49
33.74,27.74
33.37,27.37
33.01,27.01
33.73,27.73
33.21,27.21
33.2,27.2
33.24,27.24
33.75,28.75
33.37,28.37
33.63,28.63
33.05,28.05
33.9,28.9
33.46,28.46
33.98,28.98
33.62,28.62
33.1,28.1
34.0,29.0
33.03,29.03
33.69,29.69
33.27,29.27
33.53,29.53
33.89,29.89
33.07,29.07
33.32,29.32
33.68,29.68
33.14,29.14
33.24,29.24
33.4,30.4
34.0,31.0
33.68,30.68
33.04,30.04
33.44,30.44
33.79,30.79
33.02,30.02
33.55,30.55
33.62,30.62
33.18,30.18
33.14,31.14
33.53,31.53
33.89,31.89
33.69,31.69
33.58,31.58
33.8,31.8
33.9,31.9
33.37,31.37
33.96,31.96
33.26,31.26
33.19,32.19
33.13,32.13
33.68,32.68
33.96,32.96
33.17,32.17
33.2,32.2
33.67,32.67
33.18,32.18
33.34,32.34
33.59,32.59
34.62,18.62
34.52,18.52
34.08,18.08
34.87,18.87
34.65,18.65
34.61,18.61
34.03,18.03
34.19,18.19
34.51,18.51
34.03,18.03
34.92,19.92
34.47,19.47
34.58,19.58
34.65,19.65
34.05,19.05
34.66,19.66
34.75,19.75
34.75,19.75
34.94,19.94
34.03,19.03
34.14,23.14
34.19,23.19
34.64,23.64
34.98,23.98
34.96,23.96
34.22,23.22
34.09,23.09
34.38,23.38
34.1,23.1
34.79,23.79
34.36,24.36
34.61,24.61
34.74,24.74
34.65,24.65
34.11,24.11
34.58,24.58
34.3,24.3
34.86,24.86
34.42,24.42
34.4,24.4
34.22,25.22
34.32,25.32
34.09,25.09
34.19,25.19
34.05,25.05
34.87,25.87
34.25,25.25
34.9,25.9
34.63,25.63
34.16,25.16
34.9,26.9
34.98,26.98
34.08,26.08
34.43,26.43
34.58,26.58
34.88,26.88
34.82,26.82
34.86,26.86
34.42,26.42
34.78,26.78
34.78,27.78
34.64,27.64
34.23,27.23
34.73,27.73
34.01,27.01
34.12,27.12
34.68,27.68
34.56,27.56
34.69,27.69
34.78,27.78
34.25,32.25
34.78,32.78
34.62,32.62
34.55,32.55
34.25,32.25
34.94,32.94
34.68,32.68
34.54,32.54
34.31,32.31
34.34,32.34
34.09,33.09
34.13,33.13
34.77,33.77
34.1,33.1
34.48,33.48
34.7,33.7
34.5,33.5
34.61,33.61
34.1,33.1
34.33,33.33
34.57,34.57
34.65,34.65
34.53,34.53
34.83,34.83
34.17,34.17
34.27,34.27
34.0,34.0
34.45,34.45
34.62,34.62
34.51,34.51
35.71,19.71
35.64,19.64
35.42,19.42
35.95,19.95
35.11,19.11
35.44,19.44
35.88,19.88
35.59,19.59
35.16,19.16
35.57,19.57
35.26,23.26
35.25,23.25
35.69,23.69
35.48,23.48
35.1,23.1
35.84,23.84
35.62,23.62
35.3,23.3
35.96,23.96
35.37,23.37
35.94,34.94
35.65,34.65
35.51,34.51
35.51,34.51
35.55,34.55
35.32,34.32
35.65,34.65
35.31,34.31
35.34,34.34
35.57,34.57
35.85,35.85
35.21,35.21
35.66,35.66
35.86,35.86
35.54,35.54
35.19,35.19
35.66,35.66
35.8,35.8
35.46,35.46
35.03,35.03
35.76,36.76
35.06,36.06
35.9,36.9
35.47,36.47
35.02,36.02
35.4,36.4
35.88,36.88
35.68,36.68
35.81,36.81
35.93,36.93
36.64,18.64
36.23,18.23
36.62,18.62
36.87,18.87
36.63,18.63
36.86,18.86
36.25,18.25
36.1,18.1
36.76,18.76
36.57,18.57
36.97,19.97
36.72,19.72
36.67,19.67
36.56,19.56
36.11,19.11
36.93,19.93
36.44,19.44
36.46,19.46
36.83,19.83
36.08,19.08
36.84,23.84
36.38,23.38
36.91,23.91
36.78,23.78
36.42,23.42
36.42,23.42
36.53,23.53
36.77,23.77
36.3,23.3
36.58,23.58
36.13,36.13
36.01,36.01
36.68,36.68
36.36,36.36
36.34,36.34
36.02,36.02
36.58,36.58
36.75,36.75
36.9,36.9
36.77,36.77
37.55,18.55
37.26,18.26
37.8,18.8
37.56,18.56
37.77,18.77
37.51,18.51
37.53,18.53
37.92,18.92
37.33,18.33
37.19,18.19
37.27,22.27
37.55,22.55
37.97,22.97
37.7,22.7
37.2,22.2
38.0,23.0
37.29,22.29
37.94,22.94
37.93,22.93
37.39,22.39
37.49,23.49
37.47,23.47
37.83,23.83
37.05,23.05
37.91,23.91
37.35,23.35
37.21,23.21
37.45,23.45
37.83,23.83
37.07,23.07
37.6,36.6
37.39,36.39
37.26,36.26
37.15,36.15
37.24,36.24
37.09,36.09
37.06,36.06
37.9,36.9
37.92,36.92
37.8,36.8
38.68,18.68
38.39,18.39
38.7,18.7
38.76,18.76
38.4,18.4
38.55,18.55
38.35,18.35
38.52,18.52
38.85,18.85
38.64,18.64
38.43,19.43
38.91,19.91
38.4,19.4
38.22,19.22
38.5,19.5
38.11,19.11
38.7,19.7
38.05,19.05
38.92,19.92
38.43,19.43
38.18,20.18
38.26,20.26
38.41,20.41
38.92,20.92
38.11,20.11
38.56,20.56
38.83,20.83
38.15,20.15
38.39,20.39
38.41,20.41
38.79,21.79
38.89,21.89
38.11,21.11
38.5,21.5
38.12,21.12
38.65,21.65
38.93,21.93
38.77,21.77
38.75,21.75
38.18,21.18
38.46,22.46
38.75,22.75
38.73,22.73
38.15,22.15
38.14,22.14
38.79,22.79
38.13,22.13
38.29,22.29
38.81,22.81
38.41,22.41
38.44,23.44
38.03,23.03
38.36,23.36
38.11,23.11
38.87,23.87
38.39,23.39
38.92,23.92
38.53,23.53
38.28,23.28
38.0,23.0
38.88,36.88
38.56,36.56
38.9,36.9
38.49,36.49
38.34,36.34
38.51,36.51
38.08,36.08
38.74,36.74
38.23,36.23
38.34,36.34
39.82,18.82
39.4,18.4
39.78,18.78
39.72,18.72
39.57,18.57
39.29,18.29
39.11,18.11
39.41,18.41
39.59,18.59
39.75,18.75
39.43,23.43
39.87,23.87
39.14,23.14
39.54,23.54
39.81,23.81
39.0,23.0
39.84,23.84
39.48,23.48
39.07,23.07
39.69,23.69
39.8,36.8
39.92,36.92
39.51,36.51
39.45,36.45
39.36,36.36
39.07,36.07
39.1,36.1
39.98,36.98
39.09,36.09
39.48,36.48
40.04,18.04
40.88,18.88
40.53,18.53
40.25,18.25
40.55,18.55
40.03,18.03
40.85,18.85
40.73,18.73
40.02,18.02
40.38,18.38
40.07,19.07
40.34,19.34
40.57,19.57
40.77,19.77
40.79,19.79
40.71,19.71
40.99,19.99
40.24,19.24
40.61,19.61
40.06,19.06
40.69,23.69
40.85,23.85
40.06,23.06
40.1,23.1
40.22,23.22
40.77,23.77
40.67,23.67
40.87,23.87
40.46,23.46
40.75,23.75
40.71,24.71
40.65,24.65
40.62,24.62
40.15,24.15
40.41,24.41
40.97,24.97
40.45,24.45
40.55,24.55
40.68,24.68
40.47,24.47
40.12,34.12
40.87,34.87
40.62,34.62
40.14,34.14
40.99,34.99
41.0,35.0
40.01,34.01
40.69,34.69
40.55,34.55
40.14,34.14
40.54,35.54
40.89,35.89
40.93,35.93
40.35,35.35
40.82,35.82
40.35,35.35
40.64,35.64
40.39,35.39
40.94,35.94
40.66,35.66
40.15,36.15
40.1,36.1
40.83,36.83
40.42,36.42
40.4,36.4
40.65,36.65
40.07,36.07
40.22,36.22
40.88,36.88
40.53,36.53
41.55,18.55
41.21,18.21
42.0,19.0
41.55,18.55
41.49,18.49
41.2,18.2
41.12,18.12
41.61,18.61
41.05,18.05
41.73,18.73
41.6,24.6
41.88,24.88
41.59,24.59
41.88,24.88
41.67,24.67
41.85,24.85
41.46,24.46
41.33,24.33
41.05,24.05
41.12,24.12
41.99,34.99
41.81,34.81
41.59,34.59
41.55,34.55
41.28,34.28
41.36,34.36
41.03,34.03
41.71,34.71
41.83,34.83
41.89,34.89
42.77,18.77
42.62,18.62
42.9,18.9
42.25,18.25
42.54,18.54
42.45,18.45
42.44,18.44
42.64,18.64
42.91,18.91
42.34,18.34
42.23,24.23
42.9,24.9
42.18,24.18
42.71,24.71
42.51,24.51
42.18,24.18
42.67,24.67
42.07,24.07
42.23,24.23
42.24,24.24
42.18,25.18
42.39,25.39
42.31,25.31
42.68,25.68
42.91,25.91
42.3,25.3
42.39,25.39
42.78,25.78
42.16,25.16
42.14,25.14
42.23,26.23
42.3,26.3
42.02,26.02
42.29,26.29
43.0,27.0
42.42,26.42
42.18,26.18
42.13,26.13
42.13,26.13
42.82,26.82
42.27,27.27
42.82,27.82
42.7,27.7
42.18,27.18
42.61,27.61
42.43,27.43
42.86,27.86
42.3,27.3
42.98,27.98
42.11,27.11
42.12,28.12
42.85,28.85
42.38,28.38
42.44,28.44
42.99,28.99
42.59,28.59
42.71,28.71
42.88,28.88
42.69,28.69
42.35,28.35
42.99,34.99
42.74,34.74
42.05,34.05
42.82,34.82
42.97,34.97
42.02,34.02
42.98,34.98
42.25,34.25
42.28,34.28
42.45,34.45
43.28,18.28
43.0,18.0
43.49,18.49
43.27,18.27
43.63,18.63
43.09,18.09
43.97,18.97
43.09,18.09
43.32,18.32
43.14,18.14
43.91,19.91
43.72,19.72
43.63,19.63
43.17,19.17
43.94,19.94
43.44,19.44
43.56,19.56
44.0,20.0
43.51,19.51
43.22,19.22
43.34,28.34
43.4,28.4
43.2,28.2
43.85,28.85
43.04,28.04
43.05,28.05
43.36,28.36
43.77,28.77
43.85,28.85
43.43,28.43
43.44,29.44
43.41,29.41
43.6,29.6
43.35,29.35
43.22,29.22
43.67,29.67
43.99,29.99
43.17,29.17
43.37,29.37
43.91,29.91
43.55,30.55
43.93,30.93
43.24,30.24
43.26,30.26
43.98,30.98
43.23,30.23
43.91,30.91
43.48,30.48
43.44,30.44
43.73,30.73
43.48,34.48
43.77,34.77
43.43,34.43
43.53,34.53
43.76,34.76
43.97,34.97
43.32,34.32
43.07,34.07
43.52,34.52
43.46,34.46
44.27,17.27
44.46,17.46
44.34,17.34
44.46,17.46
44.2,17.2
44.67,17.67
44.77,17.77
44.66,17.66
44.11,17.11
44.68,17.68
44.2,18.2
44.2,18.2
44.3,18.3
44.67,18.67
44.74,18.74
44.62,18.62
44.47,18.47
44.09,18.09
44.02,18.02
44.41,18.41
44.24,30.24
44.18,30.18
44.32,30.32
44.25,30.25
44.23,30.23
44.48,30.48
44.99,30.99
44.63,30.63
44.77,30.77
44.42,30.42
44.99,31.99
44.71,31.71
44.41,31.41
44.72,31.72
44.13,31.13
44.32,31.32
44.16,31.16
44.02,31.02
44.61,31.61
44.55,31.55
44.17,32.17
44.97,32.97
44.05,32.05
44.54,32.54
44.47,32.47
44.12,32.12
44.37,32.37
44.62,32.62
44.33,32.33
44.99,32.99
44.77,33.77
44.96,33.96
44.81,33.81
44.54,33.54
44.0,33.0
44.83,33.83
44.33,33.33
44.04,33.04
44.11,33.11
44.02,33.02
45.0,17.0
46.0,18.0
45.25,17.25
45.07,17.07
45.76,17.76
45.62,17.62
45.34,17.34
45.52,17.52
45.09,17.09
45.88,17.88
46.61,17.61
46.19,17.19
46.7,17.7
46.89,17.89
46.59,17.59
46.14,17.14
46.32,17.32
46.72,17.72
46.7,17.7
46.31,17.31
47.98,17.98
47.05,17.05
47.87,17.87
47.99,17.99
47.68,17.68
47.28,17.28
47.75,17.75
47.28,17.28
47.79,17.79
47.6,17.6
47.67,18.67
47.24,18.24
47.22,18.22
47.63,18.63
47.73,18.73
48.0,19.0
47.13,18.13
47.91,18.91
47.06,18.06
47.84,18.84
48.27,18.27
48.9,18.9
48.77,18.77
48.51,18.51
48.51,18.51
48.34,18.34
48.54,18.54
48.53,18.53
48.03,18.03
48.92,18.92
49.22,17.22
49.61,17.61
49.16,17.16
49.18,17.18
49.29,17.29
49.39,17.39
49.88,17.88
49.13,17.13
49.15,17.15
49.24,17.24
49.12,18.12
49.95,18.95
49.48,18.48
49.91,18.91
49.38,18.38
49.5,18.5
49.45,18.45
49.68,18.68
49.6,18.6
49.64,18.64
50.62,17.62
50.13,17.13
50.86,17.86
50.67,17.67
50.22,17.22
50.92,17.92
50.91,17.91
50.15,17.15
50.89,17.89
50.84,17.84
51.45,17.45
51.2,17.2
51.52,17.52
51.05,17.05
51.56,17.56
51.48,17.48
51.02,17.02
51.5,17.5
51.74,17.74
51.53,17.53
52.47,17.47
52.41,17.41
52.3,17.3
52.43,17.43
52.88,17.88
52.76,17.76
52.08,17.08
52.04,17.04
52.65,17.65
52.06,17.06
53.92,17.92
53.05,17.05
53.47,17.47
53.34,17.34
53.88,17.88
53.54,17.54
53.32,17.32
53.42,17.42
53.59,17.59
53.99,17.99
53.19,18.19
53.6,18.6
53.4,18.4
53.2,18.2
53.47,18.47
53.92,18.92
53.08,18.08
53.44,18.44
53.97,18.97
53.99,18.99
54.77,18.77
54.84,18.84
54.22,18.22
54.5,18.5
54.31,18.31
54.81,18.81
54.54,18.54
54.33,18.33
54.72,18.72
54.22,18.22
55.45,18.45
55.7,18.7
55.58,18.58
55.12,18.12
55.98,18.98
55.61,18.61
55.99,18.99
55.26,18.26
55.1,18.1
55.32,18.32
55.58,20.58
55.73,20.73
55.81,20.81
55.24,20.24
55.61,20.61
55.11,20.11
55.13,20.13
55.44,20.44
55.19,20.19
55.48,20.48
56.63,18.63
56.76,18.76
56.23,18.23
56.25,18.25
56.46,18.46
56.88,18.88
56.98,18.98
56.61,18.61
56.93,18.93
56.23,18.23
56.69,19.69
57.0,20.0
56.44,19.44
56.95,19.95
56.03,19.03
56.56,19.56
56.1,19.1
56.53,19.53
56.4,19.4
56.29,19.29
56.28,20.28
56.1,20.1
56.17,20.17
56.91,20.91
56.88,20.88
56.12,20.12
56.86,20.86
56.17,20.17
56.15,20.15
56.41,20.41
57.45,20.45
57.15,20.15
57.66,20.66
57.3,20.3
57.05,20.05
57.67,20.67
57.11,20.11
57.55,20.55
57.67,20.67
57.61,20.61
58.92,20.92
58.11,20.11
58.18,20.18
58.23,20.23
58.92,20.92
58.89,20.89
58.17,20.17
58.28,20.28
58.58,20.58
58.56,20.56
59.22,20.22
59.92,20.92
59.99,20.99
59.1,20.1
59.21,20.21
59.47,20.47
59.87,20.87
59.8,20.8
59.72,20.72
59.9,20.9
59.38,21.38
59.18,21.18
59.07,21.07
59.0,21.0
59.74,21.74
59.69,21.69
59.52,21.52
59.83,21.83
59.31,21.31
59.56,21.56
59.1,22.1
59.21,22.21
59.08,22.08
59.0,22.0
59.76,22.76
59.07,22.07
59.48,22.48
59.16,22.16
60.0,23.0
59.64,22.64
60.01,22.01
60.56,22.56
60.6,22.6
60.44,22.44
60.51,22.51
60.95,22.95
60.05,22.05
60.01,22.01
60.24,22.24
60.25,22.25
61.15,22.15
61.28,22.28
61.76,22.76
61.78,22.78
61.47,22.47
61.57,22.57
61.4,22.4
61.64,22.64
61.21,22.21
61.24,22.24
61.78,29.78
61.66,29.66
61.52,29.52
61.16,29.16
61.54,29.54
62.0,30.0
61.76,29.76
61.39,29.39
61.61,29.61
61.51,29.51
61.22,30.22
61.69,30.69
61.87,30.87
61.41,30.41
61.95,30.95
61.73,30.73
61.01,30.01
61.41,30.41
61.21,30.21
61.33,30.33
61.04,31.04
61.43,31.43
61.82,31.82
61.08,31.08
61.12,31.12
61.06,31.06
61.42,31.42
61.23,31.23
61.22,31.22
61.64,31.64
62.45,22.45
62.36,22.36
62.17,22.17
62.79,22.79
62.3,22.3
62.87,22.87
62.68,22.68
62.2,22.2
62.47,22.47
62.77,22.77
62.79,28.79
62.58,28.58
62.02,28.02
62.03,28.03
62.23,28.23
62.19,28.19
62.68,28.68
62.64,28.64
62.21,28.21
62.16,28.16
62.7,29.7
62.44,29.44
62.22,29.22
62.56,29.56
62.73,29.73
62.51,29.51
62.51,29.51
62.59,29.59
62.54,29.54
62.55,29.55
62.16,31.16
62.85,31.85
62.63,31.63
62.12,31.12
62.58,31.58
62.46,31.46
62.06,31.06
62.12,31.12
62.22,31.22
62.83,31.83
63.66,22.66
63.54,22.54
63.47,22.47
63.81,22.81
63.13,22.13
63.61,22.61
63.65,22.65
63.75,22.75
63.03,22.03
63.35,22.35
63.51,23.51
63.09,23.09
63.03,23.03
63.61,23.61
63.19,23.19
63.23,23.23
63.76,23.76
63.83,23.83
63.77,23.77
63.29,23.29
63.34,24.34
63.9,24.9
63.69,24.69
63.91,24.91
63.09,24.09
63.8,24.8
63.55,24.55
63.31,24.31
63.15,24.15
63.02,24.02
63.14,25.14
63.82,25.82
63.97,25.97
63.99,25.99
63.48,25.48
63.51,25.51
63.67,25.67
63.69,25.69
63.29,25.29
63.09,25.09
64.0,27.0
63.28,26.28
63.97,26.97
63.33,26.33
63.6,26.6
63.85,26.85
63.18,26.18
63.27,26.27
63.16,26.16
63.2,26.2
63.32,27.32
63.16,27.16
63.44,27.44
63.47,27.47
63.42,27.42
63.59,27.59
63.87,27.87
63.2,27.2
63.92,27.92
63.24,27.24
63.57,28.57
63.98,28.98
63.18,28.18
63.6,28.6
63.76,28.76
63.33,28.33
63.94,28.94
63.4,28.4
63.34,28.34
63.27,28.27
63.48,31.48
63.61,31.61
63.37,31.37
63.63,31.63
63.31,31.31
63.46,31.46
63.33,31.33
63.65,31.65
63.52,31.52
63.29,31.29
64.81,31.81
64.03,31.03
64.27,31.27
64.36,31.36
64.14,31.14
64.92,31.92
64.5,31.5
64.81,31.81
64.55,31.55
64.85,31.85
65.68,31.68
65.63,31.63
65.28,31.28
65.57,31.57
65.99,31.99
65.75,31.75
65.57,31.57
65.83,31.83
65.61,31.61
65.04,31.04
66.09,31.09
66.95,31.95
66.06,31.06
66.75,31.75
66.98,31.98
66.07,31.07
66.1,31.1
66.43,31.43
66.46,31.46
66.66,31.66
67.58,31.58
67.43,31.43
67.6,31.6
67.17,31.17
67.95,31.95
67.75,31.75
67.59,31.59
67.11,31.11
67.46,31.46
67.98,31.98
68.51,31.51
68.88,31.88
68.08,31.08
68.9,31.9
68.11,31.11
68.21,31.21
68.78,31.78
68.07,31.07
68.87,31.87
68.98,31.98
69.81,31.81
69.6,31.6
69.38,31.38
69.42,31.42
69.27,31.27
69.07,31.07
69.26,31.26
69.17,31.17
69.33,31.33
69.32,31.32
70.57,31.57
70.92,31.92
70.44,31.44
70.8,31.8
70.5,31.5
70.06,31.06
70.13,31.13
70.46,31.46
70.31,31.31
70.16,31.16
71.86,31.86
71.43,31.43
71.83,31.83
71.17,31.17
71.25,31.25
71.12,31.12
71.52,31.52
71.28,31.28
71.67,31.67
71.7,31.7
72.18,31.18
72.92,31.92
72.78,31.78
72.31,31.31
72.96,31.96
72.35,31.35
72.89,31.89
73.0,32.0
72.04,31.04
72.57,31.57
