1.3900000000000001,13.39
1.13,13.13
1.51,13.51
1.6400000000000001,13.64
2.0,14.0
1.23,13.23
1.51,13.51
1.3599999999999999,13.36
1.16,13.16
1.67,13.67
1.74,14.74
1.51,14.51
1.46,14.46
1.75,14.75
1.79,14.79
1.9300000000000002,14.93
1.95,14.95
1.37,14.37
1.5,14.5
1.31,14.31
2.54,4.54
2.77,4.77
2.39,4.39
2.65,4.65
2.71,4.71
2.81,4.8100000000000005
2.87,4.87
2.09,4.09
2.58,4.58
2.93,4.93
2.11,5.11
2.87,5.87
2.79,5.79
2.27,5.27
2.4699999999999998,5.47
2.98,5.98
2.33,5.33
2.62,5.62
2.4,5.4
2.82,5.82
2.41,6.41
2.0,6.0
2.35,6.35
2.94,6.9399999999999995
2.85,6.85
2.87,6.87
2.31,6.31
2.87,6.87
2.7,6.7
2.64,6.64
2.04,9.04
2.37,9.37
2.02,9.02
2.16,9.16
2.33,9.33
2.2800000000000002,9.28
2.8,9.8
2.31,9.31
2.34,9.34
2.36,9.36
2.48,10.48
2.83,10.83
2.38,10.38
2.7199999999999998,10.72
2.3,10.3
2.27,10.27
2.19,10.19
2.6,10.6
2.34,10.34
2.96,10.96
2.19,12.19
2.08,12.08
2.14,12.14
2.87,12.87
2.0,12.0
2.82,12.82
2.25,12.25
2.61,12.61
2.31,12.31
2.33,12.33
2.29,14.29
2.0,14.0
2.52,14.52
2.41,14.41
2.52,14.52
2.54,14.54
2.17,14.17
2.14,14.14
2.59,14.59
2.5,14.5
3.01,0.01
3.17,0.17
3.41,0.41
3.63,0.63
3.83,0.83
3.15,0.15
3.34,0.34
3.8,0.8
3.3,0.3
3.24,0.24
3.9699999999999998,1.97
3.6,1.6
3.94,1.94
3.23,1.23
3.9,1.9
3.02,1.02
3.77,1.77
3.38,1.38
3.83,1.83
3.91,1.9100000000000001
3.41,2.41
3.89,2.89
3.69,2.69
3.05,2.05
3.88,2.88
3.37,2.37
3.73,2.73
3.52,2.52
3.99,2.99
3.0,2.0
4.0,4.0
3.26,3.26
3.45,3.45
3.67,3.67
3.65,3.65
3.17,3.17
3.4,3.4
3.01,3.01
3.39,3.39
3.0,3.0
3.69,4.6899999999999995
3.89,4.89
3.2,4.2
3.12,4.12
3.49,4.49
3.8,4.8
3.04,4.04
3.87,4.87
3.26,4.26
3.93,4.93
3.7199999999999998,6.72
3.94,6.9399999999999995
3.15,6.15
3.2800000000000002,6.28
3.06,6.06
3.01,6.01
3.4699999999999998,6.47
3.46,6.46
3.45,6.45
3.83,6.83
3.6,7.6
3.25,7.25
3.03,7.03
3.85,7.85
3.24,7.24
3.32,7.32
3.32,7.32
3.46,7.46
3.06,7.06
3.84,7.84
3.8,8.8
3.17,8.17
3.52,8.52
3.52,8.52
3.12,8.12
3.98,8.98
3.03,8.03
3.27,8.27
3.91,8.91
3.93,8.93
3.63,9.63
3.71,9.71
3.58,9.58
3.6,9.6
3.98,9.98
3.69,9.69
3.37,9.37
3.01,9.01
3.57,9.57
3.82,9.82
3.18,14.18
3.4699999999999998,14.47
3.11,14.11
3.35,14.35
3.68,14.68
3.76,14.76
3.11,14.11
3.29,14.29
3.19,14.19
3.45,14.45
3.51,46.51
3.63,46.63
3.9699999999999998,46.97
3.05,46.05
3.25,46.25
3.91,46.91
3.46,46.46
3.34,46.34
3.67,46.67
3.96,46.96
3.67,47.67
3.13,47.13
3.19,47.19
3.19,47.19
3.24,47.24
3.75,47.75
3.14,47.14
3.73,47.73
3.77,47.77
3.46,47.46
3.55,48.55
3.84,48.84
3.9699999999999998,48.97
3.14,48.14
3.64,48.64
3.5,48.5
3.94,48.94
3.6,48.6
3.24,48.24
3.07,48.07
3.89,49.89
3.58,49.58
3.09,49.09
3.68,49.68
3.09,49.09
3.29,49.29
3.12,49.12
3.82,49.82
3.27,49.27
3.31,49.31
3.71,50.71
3.64,50.64
3.9699999999999998,50.97
3.36,50.36
3.52,50.52
3.99,50.99
3.5,50.5
3.46,50.46
3.81,50.81
3.15,50.15
4.99,0.99
4.19,0.19
4.5600000000000005,0.56
4.03,0.03
4.84,0.84
4.5600000000000005,0.56
4.08,0.08
4.82,0.82
4.47,0.47
4.66,0.66
4.64,14.64
4.03,14.03
4.73,14.73
4.88,14.88
4.11,14.11
4.25,14.25
4.31,14.31
4.57,14.57
4.6899999999999995,14.69
4.53,14.53
4.13,50.13
4.7,50.7
4.44,50.44
4.0,50.0
4.74,50.74
4.68,50.68
4.96,50.96
4.68,50.68
4.95,50.95
4.46,50.46
5.98,0.98
5.76,0.76
5.5600000000000005,0.56
5.43,0.43
5.39,0.39
5.73,0.73
5.07,0.07
5.96,0.96
5.86,0.86
5.07,0.07
5.78,1.78
5.18,1.18
5.39,1.3900000000000001
5.61,1.6099999999999999
5.32,1.32
5.49,1.49
5.03,1.03
5.41,1.41
5.48,1.48
5.8,1.8
5.23,14.23
5.82,14.82
5.04,14.04
5.44,14.44
5.64,14.64
5.53,14.53
5.05,14.05
5.61,14.61
5.41,14.41
5.23,14.23
5.22,15.22
5.24,15.24
5.39,15.39
5.49,15.49
5.72,15.72
5.31,15.31
5.14,15.14
5.05,15.05
5.35,15.35
5.41,15.41
5.4,16.4
5.24,16.24
5.13,16.13
5.8100000000000005,16.81
5.39,16.39
5.31,16.31
5.05,16.05
5.48,16.48
5.31,16.31
5.63,16.63
5.93,42.93
5.02,42.02
5.12,42.12
5.9,42.9
5.9,42.9
5.31,42.31
5.78,42.78
5.43,42.43
5.51,42.51
5.44,42.44
5.38,43.38
5.08,43.08
5.8100000000000005,43.81
5.9,43.9
5.85,43.85
5.77,43.77
5.7,43.7
5.06,43.06
5.54,43.54
5.31,43.31
5.16,44.16
5.84,44.84
5.18,44.18
5.63,44.63
5.5,44.5
5.43,44.43
5.16,44.16
5.79,44.79
5.38,44.38
5.62,44.62
5.52,45.52
5.24,45.24
5.16,45.16
5.08,45.08
5.5,45.5
5.44,45.44
5.6899999999999995,45.69
5.87,45.87
5.02,45.02
5.46,45.46
5.93,46.93
5.5,46.5
5.8100000000000005,46.81
5.22,46.22
5.6899999999999995,46.69
5.77,46.77
5.19,46.19
5.14,46.14
5.8,46.8
5.09,46.09
5.21,50.21
5.89,50.89
5.08,50.08
5.3,50.3
5.53,50.53
5.45,50.45
5.61,50.61
5.11,50.11
5.5600000000000005,50.56
5.99,50.99
6.0,52.0
5.51,51.51
5.48,51.48
5.08,51.08
5.35,51.35
5.61,51.61
5.76,51.76
5.04,51.04
5.19,51.19
5.77,51.77
5.34,52.34
5.06,52.06
5.7,52.7
5.08,52.08
5.96,52.96
5.31,52.31
5.0,52.0
5.12,52.12
5.05,52.05
5.71,52.71
6.51,1.51
6.22,1.22
6.47,1.47
6.47,1.47
6.24,1.24
6.11,1.11
6.67,1.67
6.33,1.33
6.54,1.54
6.85,1.85
6.19,5.19
6.06,5.06
6.83,5.83
6.4,5.4
6.25,5.25
6.19,5.19
7.0,6.0
6.48,5.48
6.16,5.16
6.59,5.59
6.15,6.15
6.26,6.26
6.6,6.6
6.04,6.04
6.33,6.33
6.5600000000000005,6.5600000000000005
6.03,6.03
6.08,6.08
6.34,6.34
6.9399999999999995,6.9399999999999995
6.22,7.22
6.24,7.24
6.72,7.72
6.31,7.31
6.92,7.92
6.32,7.32
6.03,7.03
6.93,7.93
6.55,7.55
6.66,7.66
6.48,12.48
6.31,12.31
6.78,12.78
6.06,12.06
6.53,12.53
6.29,12.29
6.84,12.84
6.08,12.08
6.31,12.31
6.6,12.6
6.17,13.17
6.5,13.5
6.88,13.88
6.45,13.45
6.52,13.52
6.63,13.63
6.68,13.68
6.57,13.57
6.5,13.5
6.85,13.85
6.11,14.11
6.02,14.02
6.16,14.16
6.39,14.39
6.96,14.96
6.77,14.77
6.24,14.24
6.06,14.06
6.74,14.74
6.14,14.14
6.84,16.84
6.43,16.43
6.79,16.79
6.8100000000000005,16.81
6.86,16.86
6.66,16.66
6.17,16.17
6.36,16.36
6.47,16.47
6.1,16.1
6.62,17.62
6.78,17.78
6.62,17.62
6.54,17.54
6.68,17.68
7.0,18.0
6.97,17.97
6.65,17.65
6.76,17.76
6.16,17.16
6.53,42.53
6.52,42.52
6.75,42.75
6.33,42.33
6.8,42.8
6.31,42.31
6.45,42.45
6.52,42.52
6.26,42.26
6.45,42.45
6.61,52.61
6.5,52.5
6.79,52.79
6.63,52.63
6.46,52.46
6.26,52.26
6.05,52.05
6.33,52.33
6.11,52.11
6.42,52.42
7.86,1.8599999999999999
8.0,2.0
7.01,1.01
7.3,1.3
7.89,1.8900000000000001
7.43,1.43
7.46,1.46
7.24,1.24
7.35,1.35
7.52,1.52
7.19,2.19
7.39,2.39
7.7,2.7
7.82,2.82
7.96,2.96
7.9399999999999995,2.94
7.76,2.76
7.64,2.64
7.14,2.14
7.38,2.38
7.37,3.37
7.85,3.85
7.25,3.25
7.49,3.49
7.55,3.55
7.51,3.51
7.2,3.2
7.0,3.0
7.8100000000000005,3.81
7.98,3.98
7.33,7.33
7.35,7.35
7.37,7.37
7.55,7.55
7.38,7.38
7.58,7.58
7.62,7.62
7.19,7.19
7.37,7.37
7.88,7.88
7.79,8.79
7.98,8.98
7.2,8.2
7.8,8.8
7.32,8.32
7.33,8.33
7.7,8.7
7.74,8.74
7.95,8.95
7.5600000000000005,8.56
7.57,9.57
7.35,9.35
7.61,9.61
7.25,9.25
7.59,9.59
7.7,9.7
7.37,9.37
7.96,9.96
7.0,9.0
7.91,9.91
7.57,10.57
7.24,10.24
7.98,10.98
7.52,10.52
7.9399999999999995,10.94
7.11,10.11
7.42,10.42
7.19,10.19
7.82,10.82
7.06,10.06
7.67,11.67
7.3,11.3
7.33,11.33
7.57,11.57
7.37,11.37
7.38,11.38
7.55,11.55
7.3,11.3
7.36,11.36
7.68,11.68
7.14,12.14
7.67,12.67
7.71,12.71
7.6,12.6
7.89,12.89
7.62,12.62
7.2,12.2
7.32,12.32
7.54,12.54
7.54,12.54
7.91,17.91
7.11,17.11
7.78,17.78
7.62,17.62
7.1,17.1
7.17,17.17
7.08,17.08
7.25,17.25
7.92,17.92
7.29,17.29
7.7,42.7
7.33,42.33
7.99,42.99
7.8100000000000005,42.81
7.27,42.27
7.28,42.28
7.09,42.09
7.72,42.72
7.83,42.83
7.46,42.46
7.22,52.22
7.25,52.25
7.02,52.02
7.76,52.76
7.3,52.3
7.37,52.37
7.71,52.71
7.91,52.91
7.13,52.13
7.89,52.89
7.64,54.64
7.9399999999999995,54.94
7.35,54.35
7.01,54.01
7.75,54.75
7.67,54.67
7.9,54.9
7.22,54.22
7.06,54.06
7.5600000000000005,54.56
7.78,56.78
7.41,56.41
7.71,56.71
7.68,56.68
7.46,56.46
7.21,56.21
7.22,56.22
7.62,56.62
7.64,56.64
7.05,56.05
8.46,17.46
8.44,17.44
8.47,17.47
8.13,17.13
8.19,17.19
8.81,17.81
8.51,17.51
8.55,17.55
8.78,17.78
8.25,17.25
8.36,40.36
8.15,40.15
8.46,40.46
8.31,40.31
8.29,40.29
8.8,40.8
8.57,40.57
8.27,40.27
8.06,40.06
8.63,40.63
8.55,42.55
8.22,42.22
8.6,42.6
8.69,42.69
8.55,42.55
8.38,42.38
8.63,42.63
8.66,42.66
8.24,42.24
8.09,42.09
8.5,56.5
8.4,56.4
8.85,56.85
8.64,56.64
8.21,56.21
8.62,56.62
8.58,56.58
8.66,56.66
8.41,56.41
8.54,56.54
9.1,17.1
9.64,17.64
9.97,17.97
9.93,17.93
9.22,17.22
9.46,17.46
9.59,17.59
9.31,17.31
9.6,17.6
9.01,17.01
9.75,40.75
9.1,40.1
9.61,40.61
9.87,40.87
9.68,40.68
9.41,40.41
9.75,40.75
9.49,40.49
9.77,40.77
9.72,40.72
9.74,56.74
9.47,56.47
9.92,56.92
9.3,56.3
9.84,56.84
9.96,56.96
9.65,56.65
9.69,56.69
9.58,56.58
9.39,56.39
10.12,17.12
10.8,17.8
10.94,17.94
10.68,17.68
10.74,17.74
10.04,17.04
10.89,17.89
10.64,17.64
10.26,17.26
10.15,17.15
10.69,40.69
10.94,40.94
10.93,40.93
10.93,40.93
10.69,40.69
10.02,40.02
10.25,40.25
10.37,40.37
10.9,40.9
10.41,40.41
10.76,56.76
10.16,56.16
10.08,56.08
10.9,56.9
10.91,56.91
10.34,56.34
10.44,56.44
10.3,56.3
10.64,56.64
10.21,56.21
11.18,17.18
11.45,17.45
11.45,17.45
11.93,17.93
11.31,17.31
11.81,17.81
11.45,17.45
11.21,17.21
11.29,17.29
11.69,17.69
11.55,56.55
11.07,56.07
11.61,56.61
11.12,56.12
11.74,56.74
11.86,56.86
11.82,56.82
11.0,56.0
11.1,56.1
11.21,56.21
12.45,16.45
12.84,16.84
12.36,16.36
12.62,16.62
12.4,16.4
12.29,16.29
12.3,16.3
12.9,16.9
12.97,16.97
12.77,16.77
12.0,17.0
12.62,17.62
12.19,17.19
12.9,17.9
12.11,17.11
12.54,17.54
12.33,17.33
12.76,17.76
12.58,17.58
12.46,17.46
12.54,40.54
12.61,40.61
12.23,40.23
12.56,40.56
12.21,40.21
12.95,40.95
12.16,40.16
12.99,40.99
12.15,40.15
12.67,40.67
12.14,41.14
12.51,41.51
12.44,41.44
12.8,41.8
12.34,41.34
12.57,41.57
12.63,41.63
12.4,41.4
12.98,41.98
12.36,41.36
12.5,56.5
12.72,56.72
12.33,56.33
12.17,56.17
12.76,56.76
12.96,56.96
12.55,56.55
12.29,56.29
12.38,56.38
12.26,56.26
12.64,57.64
12.34,57.34
12.76,57.76
12.4,57.4
12.39,57.39
12.09,57.09
12.2,57.2
12.17,57.17
12.4,57.4
13.0,58.0
13.46,16.46
13.15,16.15
13.66,16.66
13.28,16.28
13.17,16.17
13.94,16.94
13.71,16.71
13.3,16.3
13.81,16.81
13.71,16.71
13.8,41.8
13.62,41.62
13.19,41.19
13.0,41.0
13.1,41.1
13.46,41.46
13.07,41.07
13.06,41.06
13.32,41.32
13.01,41.01
13.82,57.82
13.12,57.12
13.39,57.39
13.41,57.41
13.81,57.81
13.01,57.01
13.17,57.17
13.33,57.33
13.89,57.89
13.69,57.69
14.92,17.92
14.29,17.29
14.58,17.58
14.76,17.76
14.51,17.51
14.13,17.13
14.86,17.86
14.39,17.39
14.72,17.72
14.72,17.72
15.0,42.0
14.38,41.38
14.78,41.78
14.23,41.23
14.15,41.15
14.75,41.75
14.68,41.68
14.21,41.21
14.93,41.93
14.23,41.23
14.05,55.05
14.01,55.01
14.22,55.22
14.58,55.58
14.22,55.22
14.61,55.61
14.75,55.75
14.57,55.57
14.27,55.27
14.13,55.13
14.87,57.87
14.14,57.14
14.11,57.11
14.26,57.26
14.12,57.12
14.89,57.89
14.75,57.75
14.28,57.28
14.46,57.46
14.84,57.84
15.08,16.08
15.24,16.24
15.01,16.01
15.41,16.41
15.55,16.55
15.32,16.32
15.58,16.58
15.17,16.17
15.98,16.98
15.88,16.88
15.44,41.44
15.21,41.21
15.61,41.61
15.16,41.16
15.49,41.49
15.89,41.89
15.5,41.5
15.41,41.41
15.83,41.83
15.37,41.37
15.06,42.06
15.67,42.67
15.48,42.48
15.84,42.84
15.8,42.8
15.04,42.04
15.88,42.88
15.91,42.91
15.05,42.05
15.05,42.05
15.23,55.23
15.03,55.03
15.59,55.59
15.89,55.89
15.26,55.26
15.09,55.09
15.38,55.38
15.46,55.46
15.42,55.42
15.11,55.11
15.25,56.25
15.29,56.29
15.48,56.48
15.0,56.0
15.52,56.52
15.84,56.84
15.38,56.38
15.29,56.29
15.03,56.03
15.22,56.22
15.96,57.96
15.18,57.18
15.49,57.49
15.31,57.31
15.41,57.41
15.87,57.87
15.5,57.5
15.15,57.15
15.07,57.07
15.07,57.07
16.03,16.03
16.42,16.42
16.4,16.4
16.02,16.02
16.21,16.21
16.0,16.0
16.57,16.57
16.4,16.4
16.97,16.97
16.56,16.56
16.25,17.25
16.55,17.55
16.7,17.7
16.77,17.77
16.76,17.76
16.15,17.15
16.03,17.03
16.89,17.89
16.0,17.0
16.92,17.92
16.86,42.86
16.73,42.73
16.41,42.41
16.89,42.89
16.55,42.55
16.2,42.2
16.09,42.09
16.19,42.19
16.96,42.96
16.51,42.51
16.7,54.7
16.69,54.69
16.64,54.64
16.96,54.96
16.95,54.95
16.82,54.82
16.67,54.67
16.63,54.63
16.49,54.49
16.63,54.63
16.95,55.95
16.78,55.78
16.14,55.14
16.71,55.71
16.34,55.34
16.23,55.23
16.27,55.27
16.38,55.38
16.59,55.59
16.91,55.91
16.17,56.17
16.27,56.27
16.5,56.5
16.28,56.28
16.92,56.92
16.27,56.27
16.3,56.3
16.44,56.44
16.6,56.6
16.97,56.97
17.46,17.46
17.78,17.78
17.0,17.0
17.99,17.99
17.74,17.74
17.06,17.06
17.15,17.15
17.25,17.25
17.18,17.18
17.49,17.49
17.06,40.06
17.75,40.75
17.55,40.55
17.81,40.81
17.26,40.26
17.29,40.29
17.21,40.21
17.42,40.42
17.55,40.55
17.36,40.36
17.06,41.06
17.15,41.15
17.45,41.45
17.75,41.75
17.47,41.47
17.63,41.63
17.02,41.02
17.31,41.31
17.08,41.08
17.75,41.75
17.32,42.32
17.43,42.43
17.69,42.69
17.33,42.33
17.13,42.13
17.21,42.21
17.58,42.58
17.82,42.82
17.22,42.22
17.8,42.8
17.24,54.24
17.54,54.54
17.23,54.23
17.85,54.85
17.09,54.09
17.44,54.44
17.19,54.19
17.32,54.32
17.75,54.75
17.9,54.9
18.16,17.16
18.47,17.47
18.73,17.73
18.75,17.75
18.6,17.6
18.1,17.1
18.01,17.01
18.79,17.79
18.56,17.56
18.32,17.32
18.21,40.21
18.93,40.93
18.22,40.22
18.76,40.76
18.09,40.09
18.94,40.94
18.1,40.1
18.6,40.6
18.27,40.27
18.24,40.24
18.42,54.42
18.91,54.91
18.67,54.67
18.55,54.55
18.72,54.72
18.03,54.03
18.82,54.82
18.24,54.24
18.03,54.03
18.64,54.64
18.76,55.76
18.4,55.4
18.03,55.03
18.38,55.38
18.94,55.94
18.85,55.85
18.41,55.41
18.09,55.09
18.01,55.01
18.09,55.09
19.6,16.6
19.7,16.7
19.88,16.88
19.02,16.02
19.73,16.73
19.13,16.13
19.37,16.37
19.39,16.39
19.4,16.4
19.28,16.28
19.58,17.58
19.25,17.25
19.2,17.2
19.16,17.16
19.62,17.62
19.55,17.55
19.01,17.01
19.84,17.84
19.91,17.91
19.15,17.15
19.49,40.49
19.44,40.44
19.44,40.44
19.63,40.63
19.04,40.04
19.26,40.26
19.61,40.61
19.8,40.8
19.74,40.74
19.33,40.33
19.19,55.19
19.86,55.86
19.99,55.99
19.74,55.74
20.0,56.0
19.95,55.95
19.27,55.27
19.72,55.72
19.91,55.91
19.46,55.46
20.93,16.93
20.26,16.26
20.05,16.05
20.76,16.76
20.88,16.88
20.07,16.07
20.95,16.95
20.69,16.69
20.41,16.41
20.26,16.26
20.94,17.94
20.81,17.81
20.78,17.78
20.13,17.13
20.5,17.5
20.49,17.49
20.42,17.42
20.85,17.85
20.69,17.69
20.65,17.65
20.74,40.74
20.83,40.83
20.42,40.42
20.48,40.48
20.58,40.58
20.79,40.79
20.82,40.82
20.22,40.22
20.51,40.51
20.98,40.98
20.91,55.91
20.93,55.93
20.75,55.75
20.39,55.39
20.14,55.14
20.0,55.0
20.98,55.98
21.0,56.0
20.83,55.83
20.86,55.86
21.76,17.76
21.06,17.06
21.09,17.09
21.58,17.58
21.43,17.43
21.87,17.87
21.27,17.27
21.29,17.29
21.05,17.05
21.75,17.75
21.41,40.41
21.84,40.84
21.01,40.01
21.02,40.02
21.4,40.4
21.18,40.18
21.82,40.82
21.09,40.09
21.45,40.45
21.11,40.11
21.48,55.48
21.81,55.81
21.54,55.54
21.46,55.46
21.67,55.67
21.52,55.52
21.62,55.62
21.84,55.84
21.77,55.77
21.03,55.03
22.98,17.98
22.47,17.47
22.72,17.72
22.42,17.42
22.52,17.52
22.18,17.18
22.43,17.43
22.4,17.4
22.79,17.79
22.51,17.51
22.68,40.68
22.01,40.01
22.32,40.32
22.36,40.36
22.82,40.82
22.33,40.33
22.03,40.03
22.17,40.17
22.93,40.93
22.65,40.65
22.56,48.56
22.23,48.23
22.46,48.46
22.66,48.66
22.44,48.44
22.3,48.3
22.56,48.56
22.47,48.47
22.99,48.99
22.46,48.46
22.86,49.86
22.36,49.36
22.28,49.28
22.03,49.03
22.7,49.7
22.37,49.37
22.12,49.12
22.44,49.44
22.42,49.42
22.97,49.97
22.07,50.07
22.84,50.84
22.63,50.63
22.61,50.61
22.32,50.32
22.4,50.4
22.23,50.23
22.78,50.78
22.22,50.22
22.1,50.1
22.5,53.5
22.47,53.47
22.61,53.61
22.2,53.2
22.34,53.34
22.18,53.18
22.83,53.83
22.5,53.5
22.86,53.86
22.53,53.53
22.94,54.94
22.46,54.46
22.86,54.86
22.51,54.51
22.6,54.6
22.8,54.8
22.53,54.53
22.0,54.0
22.42,54.42
22.28,54.28
22.25,55.25
22.5,55.5
22.0,55.0
22.36,55.36
22.03,55.03
22.67,55.67
22.75,55.75
22.05,55.05
22.1,55.1
22.06,55.06
22.67,56.67
22.37,56.37
22.04,56.04
22.81,56.81
22.34,56.34
22.78,56.78
22.17,56.17
22.91,56.91
22.37,56.37
22.21,56.21
22.11,65.11
22.68,65.68
22.0,65.0
22.04,65.04
22.55,65.55
22.53,65.53
22.64,65.64
22.86,65.86
22.3,65.3
22.87,65.87
22.96,66.96
22.17,66.17
22.4,66.4
22.14,66.14
22.18,66.18
22.52,66.52
22.32,66.32
22.19,66.19
23.0,67.0
22.0,66.0
22.62,67.62
22.82,67.82
22.44,67.44
22.57,67.57
22.19,67.19
22.47,67.47
22.33,67.33
22.03,67.03
22.15,67.15
22.68,67.68
22.69,68.69
22.98,68.98
22.1,68.1
22.09,68.09
22.03,68.03
22.48,68.48
22.82,68.82
22.32,68.32
22.38,68.38
22.43,68.43
22.86,72.86
22.99,72.99
22.69,72.69
22.13,72.13
22.9,72.9
22.85,72.85
22.27,72.27
22.7,72.7
22.22,72.22
22.8,72.8
22.06,73.06
22.47,73.47
22.24,73.24
22.31,73.31
22.24,73.24
22.55,73.55
22.93,73.93
22.75,73.75
22.53,73.53
22.03,73.03
22.45,74.45
22.19,74.19
22.53,74.53
22.29,74.29
22.24,74.24
22.97,74.97
22.15,74.15
22.82,74.82
22.27,74.27
22.22,74.22
22.92,75.92
22.54,75.54
22.75,75.75
22.15,75.15
22.97,75.97
22.54,75.54
22.92,75.92
22.22,75.22
22.44,75.44
22.67,75.67
22.67,76.67
22.75,76.75
22.6,76.6
22.43,76.43
22.65,76.65
22.9,76.9
22.02,76.02
22.65,76.65
22.82,76.82
22.46,76.46
23.64,17.64
23.91,17.91
23.16,17.16
23.62,17.62
23.32,17.32
23.19,17.19
23.67,17.67
23.97,17.97
23.52,17.52
23.42,17.42
23.74,18.74
23.1,18.1
23.41,18.41
23.79,18.79
23.28,18.28
23.5,18.5
23.84,18.84
23.19,18.19
23.49,18.49
23.45,18.45
23.15,40.15
23.1,40.1
23.49,40.49
23.97,40.97
23.62,40.62
23.31,40.31
23.09,40.09
23.65,40.65
23.39,40.39
23.46,40.46
23.88,41.88
23.6,41.6
23.3,41.3
23.65,41.65
23.05,41.05
23.3,41.3
23.35,41.35
23.21,41.21
23.54,41.54
23.07,41.07
23.26,42.26
23.78,42.78
23.09,42.09
23.38,42.38
23.91,42.91
23.02,42.02
23.95,42.95
23.35,42.35
23.86,42.86
23.45,42.45
23.51,47.51
23.14,47.14
23.84,47.84
23.39,47.39
23.79,47.79
23.48,47.48
23.73,47.73
23.43,47.43
23.0,47.0
23.78,47.78
23.3,50.3
23.09,50.09
23.14,50.14
23.05,50.05
23.52,50.52
23.08,50.08
23.52,50.52
23.21,50.21
24.0,51.0
23.21,50.21
23.68,53.68
23.98,53.98
23.94,53.94
23.83,53.83
23.99,53.99
23.2,53.2
23.93,53.93
23.97,53.97
23.3,53.3
23.69,53.69
23.01,56.01
23.33,56.33
23.6,56.6
23.63,56.63
23.53,56.53
23.32,56.32
23.36,56.36
23.56,56.56
23.26,56.26
23.24,56.24
23.73,68.73
23.85,68.85
23.92,68.92
23.73,68.73
23.88,68.88
23.37,68.37
23.97,68.97
23.56,68.56
23.6,68.6
23.51,68.51
23.93,69.93
23.04,69.04
23.51,69.51
23.55,69.55
23.4,69.4
23.58,69.58
23.52,69.52
23.54,69.54
23.46,69.46
23.46,69.46
23.22,70.22
23.85,70.85
23.75,70.75
23.37,70.37
23.24,70.24
23.47,70.47
23.69,70.69
23.45,70.45
23.48,70.48
23.99,70.99
23.99,72.99
23.49,72.49
23.85,72.85
23.07,72.07
23.72,72.72
23.97,72.97
23.08,72.08
23.16,72.16
23.77,72.77
23.72,72.72
23.88,77.88
23.84,77.84
23.35,77.35
23.71,77.71
23.89,77.89
23.85,77.85
23.54,77.54
23.19,77.19
23.51,77.51
23.15,77.15
23.24,78.24
23.35,78.35
23.28,78.28
23.89,78.89
23.41,78.41
23.73,78.73
23.1,78.1
23.76,78.76
23.44,78.44
23.9,78.9
24.77,18.77
24.94,18.94
24.76,18.76
25.0,19.0
24.95,18.95
24.15,18.15
24.51,18.51
24.04,18.04
24.46,18.46
24.89,18.89
24.54,42.54
24.43,42.43
24.78,42.78
24.67,42.67
24.95,42.95
24.95,42.95
24.32,42.32
24.26,42.26
24.85,42.85
24.01,42.01
24.05,47.05
24.77,47.77
24.33,47.33
24.61,47.61
24.5,47.5
24.18,47.18
24.9,47.9
24.72,47.72
24.27,47.27
24.27,47.27
24.8,50.8
24.19,50.19
24.64,50.64
24.82,50.82
24.69,50.69
24.09,50.09
24.97,50.97
24.85,50.85
24.23,50.23
24.65,50.65
24.85,51.85
24.36,51.36
24.57,51.57
24.43,51.43
24.13,51.13
24.56,51.56
24.72,51.72
24.74,51.74
24.71,51.71
24.83,51.83
24.46,52.46
24.47,52.47
24.64,52.64
24.46,52.46
24.62,52.62
24.82,52.82
24.91,52.91
24.31,52.31
24.27,52.27
24.31,52.31
24.36,53.36
24.5,53.5
24.16,53.16
24.23,53.23
24.35,53.35
24.53,53.53
24.6,53.6
24.42,53.42
24.7,53.7
24.37,53.37
24.77,56.77
24.54,56.54
24.21,56.21
24.19,56.19
24.56,56.56
24.06,56.06
24.78,56.78
24.22,56.22
24.65,56.65
24.27,56.27
24.77,64.77
24.95,64.95
24.67,64.67
24.24,64.24
24.93,64.93
24.56,64.56
24.02,64.02
24.17,64.17
24.1,64.1
24.55,64.55
24.67,65.67
24.38,65.38
24.56,65.56
24.79,65.79
24.07,65.07
24.28,65.28
24.84,65.84
24.09,65.09
25.0,66.0
24.93,65.93
24.17,79.17
24.59,79.59
24.23,79.23
24.07,79.07
24.76,79.76
24.74,79.74
24.89,79.89
24.82,79.82
24.97,79.97
24.31,79.31
25.59,1.5899999999999999
25.72,1.72
25.78,1.78
25.03,1.03
25.96,1.96
25.87,1.87
25.09,1.09
25.86,1.8599999999999999
25.31,1.31
25.88,1.88
25.33,3.33
25.34,3.34
25.13,3.13
25.84,3.84
25.19,3.19
25.35,3.35
25.54,3.54
25.43,3.43
25.43,3.43
25.81,3.81
25.98,4.98
25.91,4.91
25.51,4.51
25.3,4.3
25.1,4.1
25.22,4.22
25.53,4.53
25.24,4.24
25.44,4.44
25.61,4.61
25.0,5.0
25.75,5.75
25.24,5.24
25.82,5.82
25.18,5.18
25.89,5.89
25.83,5.83
25.73,5.73
25.79,5.79
25.24,5.24
25.5,7.5
25.04,7.04
25.86,7.86
25.26,7.26
25.73,7.73
25.27,7.27
25.55,7.55
25.79,7.79
25.95,7.95
25.06,7.06
25.55,8.55
25.92,8.92
25.09,8.09
25.33,8.33
25.35,8.35
25.72,8.72
25.05,8.05
25.51,8.51
25.93,8.93
25.78,8.78
25.2,12.2
25.5,12.5
25.35,12.35
25.92,12.92
25.73,12.73
25.36,12.36
25.91,12.91
25.59,12.59
25.12,12.12
25.46,12.46
25.01,14.01
25.64,14.64
25.61,14.61
25.66,14.66
25.53,14.53
25.1,14.1
25.65,14.65
25.47,14.47
25.57,14.57
25.75,14.75
25.23,18.23
25.47,18.47
25.79,18.79
25.24,18.24
26.0,19.0
25.53,18.53
25.75,18.75
25.34,18.34
25.16,18.16
25.14,18.14
25.92,23.92
25.19,23.19
25.85,23.85
25.49,23.49
25.71,23.71
25.53,23.53
25.3,23.3
25.08,23.08
25.57,23.57
25.21,23.21
25.56,24.56
25.03,24.03
25.32,24.32
25.07,24.07
25.42,24.42
25.75,24.75
25.34,24.34
25.37,24.37
25.18,24.18
25.74,24.74
25.46,25.46
25.47,25.47
25.76,25.76
25.83,25.83
25.98,25.98
25.38,25.38
25.79,25.79
25.03,25.03
25.32,25.32
25.68,25.68
25.79,26.79
25.28,26.28
25.91,26.91
25.04,26.04
25.74,26.74
25.11,26.11
25.21,26.21
25.02,26.02
25.88,26.88
25.14,26.14
25.06,27.06
25.72,27.72
25.61,27.61
25.57,27.57
25.85,27.85
25.07,27.07
25.4,27.4
25.89,27.89
25.16,27.16
25.92,27.92
25.03,42.03
25.07,42.07
25.83,42.83
25.08,42.08
25.2,42.2
25.93,42.93
25.09,42.09
25.76,42.76
25.86,42.86
25.27,42.27
25.16,46.16
25.75,46.75
25.96,46.96
25.3,46.3
25.25,46.25
25.27,46.27
25.56,46.56
25.46,46.46
25.79,46.79
25.92,46.92
25.45,56.45
25.65,56.65
25.34,56.34
25.52,56.52
25.05,56.05
25.22,56.22
25.42,56.42
25.13,56.13
25.76,56.76
25.26,56.26
25.12,64.12
25.64,64.64
25.58,64.58
25.56,64.56
25.76,64.76
25.24,64.24
25.0,64.0
25.32,64.32
25.04,64.04
25.95,64.95
25.61,65.61
25.71,65.71
25.36,65.36
25.98,65.98
25.63,65.63
25.42,65.42
25.18,65.18
25.86,65.86
25.02,65.02
25.56,65.56
25.57,78.57
25.02,78.02
25.32,78.32
25.45,78.45
25.84,78.84
25.12,78.12
25.85,78.85
25.16,78.16
25.13,78.13
25.53,78.53
25.0,79.0
25.42,79.42
25.16,79.16
25.35,79.35
25.04,79.04
25.25,79.25
25.41,79.41
25.0,79.0
25.12,79.12
25.94,79.94
26.62,1.62
26.86,1.8599999999999999
26.57,1.5699999999999998
26.09,1.09
26.32,1.32
26.38,1.38
26.5,1.5
26.05,1.05
26.61,1.6099999999999999
26.88,1.88
26.26,8.26
26.99,8.99
26.96,8.96
26.69,8.69
26.86,8.86
26.67,8.67
26.63,8.63
26.28,8.28
26.28,8.28
26.83,8.83
26.29,9.29
26.22,9.22
26.23,9.23
26.94,9.94
26.26,9.26
26.02,9.02
26.95,9.95
26.22,9.22
26.92,9.92
26.16,9.16
26.63,10.63
26.92,10.92
26.73,10.73
26.56,10.56
26.49,10.49
26.92,10.92
26.62,10.62
26.04,10.04
26.45,10.45
26.18,10.18
26.34,11.34
26.2,11.2
26.26,11.26
26.1,11.1
26.58,11.58
26.83,11.83
26.08,11.08
26.83,11.83
26.33,11.33
26.24,11.24
26.56,12.56
26.03,12.03
26.57,12.57
26.44,12.44
26.63,12.63
26.69,12.69
26.46,12.46
26.2,12.2
26.89,12.89
26.82,12.82
26.34,14.34
26.21,14.21
26.7,14.7
26.14,14.14
26.09,14.09
26.24,14.24
26.3,14.3
26.92,14.92
26.7,14.7
26.51,14.51
26.7,17.7
26.79,17.79
26.64,17.64
26.62,17.62
26.3,17.3
26.53,17.53
26.72,17.72
26.65,17.65
26.09,17.09
26.35,17.35
26.53,18.53
26.28,18.28
26.52,18.52
26.04,18.04
26.81,18.81
26.65,18.65
26.36,18.36
26.1,18.1
26.98,18.98
26.13,18.13
26.9,21.9
26.75,21.75
26.11,21.11
26.25,21.25
26.68,21.68
26.54,21.54
26.25,21.25
26.16,21.16
26.06,21.06
26.17,21.17
26.77,22.77
26.52,22.52
26.72,22.72
26.92,22.92
26.71,22.71
26.23,22.23
26.45,22.45
26.2,22.2
26.87,22.87
26.24,22.24
26.37,23.37
26.66,23.66
26.66,23.66
26.47,23.47
26.9,23.9
26.11,23.11
26.68,23.68
26.57,23.57
26.68,23.68
26.03,23.03
26.0,27.0
26.02,27.02
26.07,27.07
26.69,27.69
26.77,27.77
26.32,27.32
26.95,27.95
26.1,27.1
26.94,27.94
26.76,27.76
26.97,42.97
26.21,42.21
26.21,42.21
26.03,42.03
26.16,42.16
26.53,42.53
26.27,42.27
26.93,42.93
26.36,42.36
26.4,42.4
26.05,43.05
26.78,43.78
26.17,43.17
26.68,43.68
26.58,43.58
26.58,43.58
26.02,43.02
26.62,43.62
26.08,43.08
26.58,43.58
26.4,44.4
26.9,44.9
27.0,45.0
26.5,44.5
26.5,44.5
26.76,44.76
26.13,44.13
26.69,44.69
26.49,44.49
26.69,44.69
26.55,45.55
26.38,45.38
26.51,45.51
26.69,45.69
26.24,45.24
26.58,45.58
26.21,45.21
26.03,45.03
26.7,45.7
26.27,45.27
26.89,46.89
26.39,46.39
26.43,46.43
26.95,46.95
26.56,46.56
26.25,46.25
26.1,46.1
26.51,46.51
26.06,46.06
26.42,46.42
26.0,56.0
26.15,56.15
26.33,56.33
26.4,56.4
26.34,56.34
26.29,56.29
26.48,56.48
26.13,56.13
26.91,56.91
26.14,56.14
26.3,57.3
26.44,57.44
26.96,57.96
26.56,57.56
26.64,57.64
26.81,57.81
26.89,57.89
26.79,57.79
26.28,57.28
26.44,57.44
26.93,63.93
26.25,63.25
26.6,63.6
26.89,63.89
26.87,63.87
26.66,63.66
26.16,63.16
26.99,63.99
26.48,63.48
26.41,63.41
26.68,78.68
26.14,78.14
26.72,78.72
26.01,78.01
26.27,78.27
26.31,78.31
26.77,78.77
26.93,78.93
26.31,78.31
26.88,78.88
27.9,1.9
27.99,1.99
27.14,1.1400000000000001
27.21,1.21
27.99,1.99
27.83,1.83
27.36,1.3599999999999999
27.96,1.96
27.43,1.43
27.36,1.3599999999999999
27.1,14.1
27.38,14.38
27.27,14.27
27.24,14.24
27.08,14.08
27.59,14.59
27.47,14.47
27.01,14.01
27.51,14.51
27.97,14.97
27.46,21.46
27.14,21.14
27.26,21.26
27.58,21.58
27.26,21.26
28.0,22.0
27.76,21.76
27.44,21.44
27.5,21.5
27.73,21.73
27.73,27.73
27.25,27.25
27.46,27.46
28.0,28.0
27.76,27.76
27.74,27.74
27.03,27.03
27.49,27.49
27.37,27.37
27.69,27.69
27.16,57.16
27.93,57.93
27.56,57.56
27.94,57.94
27.67,57.67
27.16,57.16
27.21,57.21
27.89,57.89
27.83,57.83
27.5,57.5
27.13,63.13
27.24,63.24
27.42,63.42
27.0,63.0
27.56,63.56
27.1,63.1
27.84,63.84
27.98,63.98
27.32,63.32
27.89,63.89
27.56,78.56
27.62,78.62
27.61,78.61
27.92,78.92
27.52,78.52
27.39,78.39
27.52,78.52
27.5,78.5
27.3,78.3
27.94,78.94
28.51,0.51
28.66,0.66
28.76,0.76
28.18,0.18
28.18,0.18
28.42,0.42
28.46,0.46
28.8,0.8
28.52,0.52
28.55,0.55
28.46,1.46
28.08,1.08
29.0,2.0
28.54,1.54
28.62,1.62
28.81,1.81
28.22,1.22
28.22,1.22
28.42,1.42
28.11,1.11
28.49,14.49
28.35,14.35
28.38,14.38
28.35,14.35
28.67,14.67
28.63,14.63
28.73,14.73
28.89,14.89
28.48,14.48
28.48,14.48
28.41,17.41
28.47,17.47
28.49,17.49
28.59,17.59
28.08,17.08
28.72,17.72
28.81,17.81
28.32,17.32
28.31,17.31
28.04,17.04
28.48,21.48
28.61,21.61
28.36,21.36
28.33,21.33
28.58,21.58
28.44,21.44
28.96,21.96
28.27,21.27
28.73,21.73
28.74,21.74
28.46,27.46
28.26,27.26
28.36,27.36
28.26,27.26
28.24,27.24
28.25,27.25
28.33,27.33
28.43,27.43
28.68,27.68
28.56,27.56
28.88,56.88
28.45,56.45
28.82,56.82
28.82,56.82
28.18,56.18
28.42,56.42
28.98,56.98
28.07,56.07
28.43,56.43
28.39,56.39
28.02,57.02
28.9,57.9
29.0,58.0
28.61,57.61
28.77,57.77
28.0,57.0
28.59,57.59
28.68,57.68
28.44,57.44
28.41,57.41
28.59,63.59
28.73,63.73
28.99,63.99
28.64,63.64
28.47,63.47
28.59,63.59
28.45,63.45
28.96,63.96
28.68,63.68
28.72,63.72
28.51,64.51
28.63,64.63
28.05,64.05
28.88,64.88
28.81,64.81
28.04,64.04
28.49,64.49
28.28,64.28
28.11,64.11
28.48,64.48
28.68,78.68
28.75,78.75
28.74,78.74
28.08,78.08
28.72,78.72
28.02,78.02
28.27,78.27
28.26,78.26
28.83,78.83
28.68,78.68
29.52,1.52
29.18,1.18
29.27,1.27
29.18,1.18
29.13,1.13
29.9,1.9
29.0,1.0
29.65,1.65
29.22,1.22
29.36,1.3599999999999999
29.52,13.52
29.79,13.79
29.53,13.53
29.04,13.04
29.44,13.44
29.41,13.41
29.27,13.27
29.9,13.9
29.78,13.78
29.22,13.22
29.45,14.45
29.88,14.88
29.76,14.76
29.0,14.0
29.08,14.08
29.14,14.14
29.23,14.23
29.33,14.33
29.59,14.59
29.52,14.52
29.22,15.22
29.86,15.86
29.85,15.85
29.17,15.17
29.99,15.99
29.09,15.09
29.89,15.89
29.99,15.99
29.61,15.61
29.44,15.44
29.35,16.35
29.95,16.95
29.97,16.97
29.3,16.3
29.34,16.34
29.52,16.52
29.01,16.01
29.56,16.56
29.19,16.19
29.54,16.54
29.54,17.54
29.08,17.08
29.45,17.45
29.16,17.16
29.69,17.69
29.08,17.08
29.76,17.76
29.75,17.75
29.51,17.51
29.34,17.34
29.62,19.62
29.49,19.49
29.69,19.69
29.45,19.45
29.13,19.13
29.26,19.26
29.97,19.97
29.2,19.2
29.74,19.74
29.65,19.65
29.18,20.18
29.29,20.29
29.31,20.31
29.91,20.91
29.67,20.67
29.51,20.51
29.89,20.89
29.19,20.19
29.14,20.14
29.37,20.37
29.13,21.13
29.27,21.27
29.65,21.65
29.62,21.62
29.96,21.96
29.56,21.56
29.72,21.72
29.78,21.78
29.3,21.3
29.82,21.82
29.08,27.08
29.1,27.1
29.11,27.11
29.14,27.14
29.19,27.19
29.13,27.13
29.87,27.87
29.91,27.91
29.22,27.22
29.51,27.51
30.0,43.0
29.29,42.29
29.96,42.96
29.89,42.89
29.73,42.73
29.04,42.04
29.29,42.29
29.71,42.71
29.33,42.33
29.64,42.64
29.21,43.21
29.25,43.25
29.14,43.14
29.16,43.16
29.53,43.53
29.91,43.91
29.75,43.75
29.77,43.77
29.24,43.24
29.28,43.28
29.68,44.68
29.25,44.25
29.22,44.22
29.72,44.72
29.79,44.79
29.0,44.0
30.0,45.0
29.51,44.51
29.74,44.74
29.44,44.44
29.79,45.79
29.84,45.84
29.97,45.97
29.31,45.31
29.6,45.6
29.07,45.07
29.26,45.26
29.45,45.45
29.37,45.37
29.53,45.53
29.96,46.96
29.52,46.52
29.01,46.01
29.1,46.1
29.29,46.29
29.86,46.86
29.16,46.16
29.7,46.7
29.13,46.13
29.21,46.21
29.42,51.42
29.87,51.87
29.7,51.7
29.08,51.08
29.24,51.24
29.55,51.55
29.56,51.56
29.92,51.92
29.68,51.68
29.08,51.08
29.92,52.92
29.66,52.66
29.49,52.49
29.75,52.75
29.8,52.8
29.02,52.02
29.49,52.49
29.44,52.44
29.32,52.32
29.94,52.94
29.56,53.56
29.45,53.45
29.81,53.81
29.65,53.65
29.53,53.53
29.67,53.67
29.39,53.39
29.67,53.67
29.09,53.09
29.9,53.9
29.86,56.86
29.14,56.14
29.14,56.14
29.44,56.44
29.98,56.98
29.94,56.94
29.36,56.36
29.84,56.84
29.25,56.25
29.85,56.85
29.1,64.1
29.67,64.67
29.74,64.74
29.09,64.09
29.78,64.78
29.93,64.93
29.94,64.94
29.44,64.44
29.81,64.81
29.77,64.77
29.41,78.41
29.26,78.26
29.18,78.18
29.04,78.04
29.37,78.37
29.65,78.65
29.14,78.14
29.46,78.46
29.9,78.9
29.2,78.2
29.61,79.61
29.79,79.79
29.1,79.1
29.49,79.49
29.77,79.77
29.28,79.28
29.32,79.32
29.85,79.85
29.36,79.36
29.71,79.71
30.17,1.17
30.49,1.49
30.8,1.8
30.08,1.08
30.26,1.26
30.22,1.22
30.81,1.81
30.19,1.19
30.42,1.42
30.93,1.9300000000000002
30.08,2.08
30.47,2.4699999999999998
30.67,2.67
30.47,2.4699999999999998
30.28,2.2800000000000002
30.9,2.9
30.35,2.35
30.32,2.32
30.03,2.03
30.3,2.3
30.36,12.36
30.25,12.25
30.85,12.85
30.42,12.42
30.43,12.43
30.56,12.56
30.5,12.5
30.38,12.38
30.34,12.34
30.16,12.16
30.56,13.56
30.43,13.43
30.09,13.09
30.6,13.6
30.58,13.58
30.51,13.51
30.83,13.83
30.04,13.04
31.0,14.0
30.31,13.31
30.57,15.57
30.08,15.08
30.84,15.84
30.23,15.23
30.05,15.05
30.66,15.66
30.76,15.76
30.9,15.9
30.46,15.46
30.63,15.63
30.19,17.19
30.02,17.02
30.82,17.82
30.54,17.54
30.77,17.77
30.88,17.88
30.1,17.1
30.44,17.44
30.89,17.89
30.87,17.87
30.54,18.54
30.09,18.09
30.55,18.55
30.91,18.91
30.47,18.47
30.75,18.75
30.31,18.31
30.5,18.5
30.19,18.19
30.24,18.24
30.67,19.67
30.13,19.13
30.49,19.49
30.17,19.17
30.44,19.44
30.46,19.46
30.03,19.03
30.82,19.82
30.01,19.01
30.15,19.15
30.98,20.98
30.48,20.48
30.94,20.94
30.5,20.5
30.23,20.23
30.08,20.08
30.83,20.83
30.18,20.18
30.12,20.12
30.31,20.31
30.69,42.69
30.8,42.8
30.55,42.55
30.25,42.25
30.83,42.83
30.09,42.09
30.98,42.98
30.82,42.82
30.19,42.19
30.68,42.68
30.39,47.39
30.09,47.09
30.61,47.61
30.5,47.5
31.0,48.0
30.05,47.05
30.36,47.36
30.44,47.44
30.62,47.62
30.22,47.22
30.57,48.57
30.31,48.31
30.02,48.02
30.67,48.67
30.86,48.86
30.92,48.92
30.7,48.7
30.41,48.41
30.33,48.33
30.55,48.55
30.6,49.6
30.8,49.8
30.77,49.77
30.3,49.3
30.59,49.59
30.98,49.98
30.98,49.98
30.41,49.41
30.05,49.05
30.31,49.31
30.22,50.22
30.05,50.05
30.7,50.7
30.9,50.9
30.33,50.33
30.21,50.21
30.95,50.95
30.75,50.75
30.27,50.27
30.62,50.62
30.21,51.21
30.47,51.47
30.68,51.68
30.85,51.85
30.58,51.58
30.33,51.33
30.53,51.53
30.15,51.15
30.27,51.27
30.35,51.35
30.96,53.96
30.27,53.27
30.08,53.08
30.49,53.49
30.08,53.08
30.07,53.07
30.65,53.65
30.55,53.55
30.34,53.34
30.3,53.3
30.47,56.47
30.0,56.0
30.82,56.82
30.41,56.41
30.81,56.81
30.86,56.86
30.0,56.0
30.34,56.34
30.05,56.05
30.45,56.45
30.55,63.55
30.8,63.8
30.81,63.81
30.39,63.39
30.14,63.14
30.76,63.76
30.85,63.85
30.58,63.58
30.25,63.25
30.63,63.63
30.59,64.59
30.15,64.15
30.6,64.6
30.2,64.2
30.05,64.05
30.94,64.94
30.63,64.63
31.0,65.0
30.33,64.33
30.95,64.95
30.59,79.59
30.87,79.87
30.37,79.37
30.06,79.06
30.64,79.64
30.21,79.21
30.71,79.71
30.84,79.84
30.97,79.97
30.95,79.95
31.45,2.45
31.16,2.16
31.37,2.37
31.24,2.24
31.67,2.67
31.62,2.62
31.16,2.16
31.51,2.51
31.37,2.37
31.29,2.29
31.62,11.62
31.18,11.18
31.45,11.45
31.3,11.3
31.68,11.68
31.58,11.58
31.61,11.61
31.05,11.05
31.25,11.25
31.61,11.61
31.01,12.01
31.78,12.78
31.5,12.5
31.64,12.64
31.51,12.51
31.25,12.25
31.88,12.88
31.67,12.67
31.71,12.71
31.15,12.15
31.31,15.31
31.24,15.24
31.98,15.98
31.14,15.14
31.44,15.44
31.09,15.09
31.69,15.69
31.8,15.8
31.69,15.69
31.15,15.15
31.62,20.62
31.75,20.75
31.5,20.5
31.01,20.01
31.83,20.83
31.45,20.45
31.46,20.46
31.14,20.14
31.61,20.61
31.73,20.73
31.02,27.02
31.2,27.2
31.32,27.32
31.0,27.0
31.51,27.51
31.05,27.05
31.65,27.65
31.84,27.84
31.83,27.83
31.03,27.03
31.64,42.64
31.01,42.01
31.43,42.43
31.02,42.02
31.68,42.68
31.64,42.64
31.65,42.65
31.13,42.13
31.89,42.89
31.97,42.97
31.83,53.83
31.9,53.9
31.81,53.81
31.44,53.44
31.41,53.41
31.07,53.07
31.92,53.92
31.76,53.76
31.86,53.86
31.28,53.28
31.46,54.46
31.81,54.81
31.46,54.46
31.71,54.71
31.01,54.01
31.01,54.01
31.6,54.6
31.07,54.07
31.98,54.98
31.68,54.68
31.11,55.11
31.21,55.21
31.76,55.76
31.29,55.29
31.46,55.46
31.31,55.31
31.96,55.96
31.43,55.43
31.17,55.17
31.99,55.99
31.96,56.96
31.67,56.67
31.46,56.46
31.96,56.96
31.94,56.94
31.37,56.37
31.31,56.31
31.2,56.2
31.48,56.48
31.61,56.61
31.89,57.89
31.67,57.67
31.62,57.62
31.29,57.29
31.35,57.35
31.43,57.43
31.73,57.73
31.02,57.02
31.93,57.93
31.2,57.2
31.17,63.17
31.34,63.34
31.29,63.29
31.76,63.76
31.52,63.52
31.17,63.17
31.27,63.27
31.91,63.91
31.24,63.24
31.99,63.99
31.35,79.35
31.53,79.53
31.25,79.25
31.56,79.56
31.2,79.2
31.16,79.16
31.13,79.13
31.21,79.21
31.28,79.28
31.27,79.27
32.4,2.4
32.37,2.37
32.93,2.93
32.06,2.06
32.75,2.75
32.94,2.94
32.06,2.06
32.8,2.8
32.91,2.91
32.54,2.54
32.05,11.05
32.33,11.33
32.17,11.17
32.25,11.25
32.15,11.15
32.17,11.17
32.73,11.73
32.99,11.99
32.12,11.12
32.75,11.75
32.36,15.36
32.39,15.39
32.31,15.31
32.35,15.35
32.16,15.16
32.39,15.39
32.88,15.88
32.48,15.48
32.42,15.42
32.27,15.27
32.73,16.73
32.15,16.15
32.06,16.06
32.93,16.93
32.38,16.38
32.61,16.61
32.88,16.88
32.34,16.34
32.49,16.49
32.74,16.74
32.19,20.19
32.46,20.46
33.0,21.0
32.23,20.23
32.78,20.78
32.42,20.42
32.99,20.99
32.5,20.5
32.95,20.95
32.14,20.14
32.33,27.33
32.01,27.01
32.77,27.77
32.98,27.98
32.23,27.23
32.65,27.65
32.27,27.27
32.51,27.51
32.38,27.38
32.01,27.01
32.21,42.21
32.33,42.33
32.26,42.26
32.78,42.78
32.28,42.28
32.28,42.28
32.0,42.0
32.85,42.85
32.01,42.01
32.51,42.51
32.81,55.81
32.52,55.52
32.69,55.69
32.95,55.95
32.51,55.51
32.96,55.96
32.04,55.04
32.4,55.4
32.5,55.5
32.64,55.64
32.5,57.5
32.52,57.52
32.61,57.61
32.15,57.15
32.81,57.81
32.33,57.33
32.87,57.87
33.0,58.0
32.89,57.89
32.37,57.37
32.09,58.09
32.86,58.86
32.17,58.17
32.64,58.64
32.16,58.16
32.78,58.78
32.16,58.16
32.85,58.85
32.38,58.38
32.97,58.97
32.64,59.64
32.47,59.47
32.46,59.46
32.58,59.58
32.33,59.33
32.9,59.9
32.21,59.21
32.21,59.21
32.89,59.89
32.84,59.84
32.51,60.51
32.58,60.58
32.79,60.79
32.47,60.47
32.26,60.26
32.85,60.85
32.39,60.39
32.68,60.68
32.02,60.02
32.79,60.79
32.34,61.34
32.28,61.28
32.93,61.93
32.45,61.45
32.22,61.22
32.69,61.69
32.01,61.01
32.45,61.45
32.76,61.76
32.18,61.18
32.47,62.47
32.79,62.79
32.32,62.32
32.49,62.49
32.09,62.09
32.39,62.39
32.84,62.84
32.52,62.52
32.94,62.94
32.24,62.24
32.76,63.76
32.96,63.96
32.9,63.9
32.4,63.4
32.61,63.61
32.77,63.77
32.32,63.32
32.09,63.09
32.87,63.87
32.64,63.64
32.75,79.75
32.57,79.57
32.07,79.07
32.11,79.11
32.93,79.93
32.83,79.83
32.1,79.1
32.31,79.31
32.06,79.06
32.91,79.91
33.67,2.67
33.77,2.77
33.84,2.84
33.96,2.96
33.98,2.98
33.96,2.96
33.59,2.59
33.02,2.02
33.72,2.7199999999999998
33.55,2.55
33.87,3.87
33.45,3.45
33.86,3.86
33.63,3.63
33.23,3.23
33.13,3.13
33.3,3.3
33.27,3.27
33.26,3.26
33.31,3.31
33.96,4.96
33.04,4.04
33.72,4.72
33.72,4.72
33.4,4.4
33.26,4.26
33.31,4.31
33.68,4.68
33.27,4.27
33.07,4.07
33.72,5.72
33.45,5.45
33.08,5.08
33.87,5.87
33.29,5.29
33.52,5.52
33.5,5.5
33.77,5.77
33.77,5.77
33.42,5.42
33.58,11.58
33.83,11.83
33.63,11.63
33.45,11.45
33.4,11.4
33.0,11.0
33.8,11.8
33.39,11.39
33.72,11.72
33.52,11.52
33.5,16.5
33.89,16.89
33.02,16.02
33.12,16.12
33.01,16.01
33.68,16.68
33.05,16.05
33.56,16.56
33.59,16.59
33.55,16.55
33.86,20.86
33.37,20.37
33.06,20.06
33.27,20.27
33.53,20.53
33.42,20.42
33.06,20.06
33.41,20.41
33.37,20.37
33.89,20.89
33.26,26.26
33.06,26.06
33.84,26.84
33.64,26.64
33.19,26.19
33.84,26.84
33.52,26.52
33.77,26.77
33.26,26.26
33.61,26.61
33.59,42.59
33.67,42.67
33.1,42.1
34.0,43.0
33.31,42.31
33.06,42.06
33.84,42.84
33.24,42.24
33.86,42.86
33.18,42.18
33.1,43.1
33.01,43.01
33.65,43.65
33.56,43.56
33.23,43.23
33.62,43.62
33.62,43.62
33.4,43.4
33.13,43.13
33.64,43.64
33.03,55.03
33.32,55.32
33.22,55.22
33.61,55.61
33.57,55.57
33.61,55.61
33.02,55.02
33.2,55.2
33.11,55.11
33.29,55.29
33.67,57.67
33.27,57.27
33.38,57.38
33.4,57.4
33.53,57.53
33.33,57.33
33.12,57.12
33.31,57.31
33.13,57.13
33.66,57.66
33.39,63.39
33.71,63.71
33.1,63.1
33.22,63.22
33.3,63.3
33.32,63.32
33.79,63.79
33.33,63.33
33.85,63.85
33.82,63.82
33.24,79.24
33.73,79.73
33.19,79.19
33.53,79.53
33.68,79.68
33.63,79.63
33.32,79.32
33.43,79.43
33.66,79.66
33.36,79.36
34.37,5.37
34.35,5.35
34.77,5.77
34.84,5.84
34.29,5.29
34.46,5.46
34.04,5.04
34.35,5.35
34.13,5.13
34.18,5.18
34.97,10.97
34.81,10.81
34.13,10.13
34.24,10.24
34.19,10.19
34.37,10.37
34.97,10.97
34.48,10.48
34.89,10.89
34.83,10.83
34.49,11.49
34.22,11.22
34.09,11.09
34.82,11.82
34.53,11.53
34.4,11.4
34.68,11.68
34.35,11.35
34.61,11.61
34.51,11.51
34.94,20.94
34.9,20.9
34.26,20.26
34.88,20.88
34.81,20.81
34.96,20.96
34.32,20.32
34.96,20.96
34.77,20.77
34.74,20.74
34.86,21.86
34.96,21.96
34.74,21.74
34.23,21.23
34.36,21.36
34.41,21.41
34.92,21.92
34.36,21.36
35.0,22.0
34.76,21.76
34.23,22.23
34.41,22.41
34.12,22.12
34.81,22.81
34.08,22.08
34.07,22.07
34.77,22.77
34.55,22.55
34.07,22.07
34.45,22.45
34.36,26.36
34.41,26.41
34.67,26.67
34.63,26.63
34.98,26.98
34.08,26.08
34.78,26.78
34.04,26.04
34.88,26.88
34.76,26.76
34.36,27.36
34.81,27.81
34.9,27.9
34.93,27.93
34.47,27.47
34.21,27.21
34.41,27.41
34.66,27.66
34.12,27.12
34.61,27.61
34.46,43.46
34.55,43.55
34.08,43.08
34.51,43.51
34.89,43.89
34.76,43.76
34.37,43.37
34.76,43.76
34.74,43.74
34.56,43.56
34.76,55.76
34.17,55.17
34.12,55.12
34.85,55.85
34.9,55.9
34.97,55.97
34.41,55.41
34.77,55.77
34.57,55.57
34.13,55.13
34.04,57.04
34.11,57.11
34.4,57.4
34.06,57.06
34.47,57.47
34.2,57.2
34.68,57.68
34.38,57.38
34.71,57.71
34.49,57.49
34.78,63.78
34.33,63.33
34.51,63.51
34.04,63.04
34.03,63.03
34.71,63.71
34.82,63.82
34.15,63.15
34.42,63.42
34.85,63.85
34.76,64.76
34.88,64.88
34.59,64.59
34.55,64.55
34.11,64.11
34.85,64.85
34.63,64.63
34.26,64.26
34.9,64.9
34.96,64.96
34.29,65.29
34.1,65.1
34.8,65.8
34.44,65.44
34.08,65.08
34.07,65.07
34.27,65.27
34.87,65.87
34.53,65.53
34.35,65.35
34.95,77.95
34.63,77.63
34.54,77.54
34.16,77.16
34.72,77.72
34.68,77.68
34.24,77.24
34.84,77.84
34.85,77.85
34.41,77.41
34.51,78.51
34.79,78.79
34.16,78.16
34.3,78.3
34.33,78.33
34.6,78.6
34.45,78.45
34.49,78.49
34.49,78.49
34.38,78.38
34.62,79.62
34.02,79.02
34.72,79.72
34.57,79.57
34.57,79.57
34.13,79.13
34.51,79.51
34.79,79.79
34.27,79.27
34.56,79.56
35.01,5.01
35.9,5.9
35.57,5.57
35.11,5.11
35.17,5.17
35.06,5.06
35.65,5.65
35.57,5.57
35.02,5.02
35.53,5.53
35.84,10.84
35.99,10.99
35.44,10.44
35.71,10.71
35.69,10.69
35.14,10.14
35.06,10.06
35.61,10.61
35.25,10.25
35.11,10.11
35.85,15.85
35.55,15.55
35.99,15.99
35.56,15.56
35.32,15.32
35.37,15.37
35.97,15.97
35.01,15.01
35.37,15.37
35.49,15.49
35.0,16.0
35.4,16.4
35.71,16.71
35.82,16.82
35.4,16.4
35.74,16.74
35.3,16.3
35.3,16.3
35.87,16.87
35.0,16.0
35.63,22.63
35.43,22.43
35.03,22.03
35.99,22.99
35.88,22.88
35.72,22.72
35.99,22.99
35.98,22.98
35.55,22.55
35.72,22.72
35.45,26.45
35.42,26.42
35.56,26.56
35.12,26.12
36.0,27.0
35.59,26.59
35.4,26.4
35.79,26.79
35.27,26.27
35.48,26.48
35.62,27.62
35.28,27.28
35.61,27.61
35.93,27.93
35.86,27.86
35.72,27.72
35.04,27.04
35.32,27.32
35.41,27.41
35.08,27.08
35.34,41.34
35.87,41.87
35.33,41.33
35.56,41.56
35.86,41.86
35.68,41.68
35.82,41.82
35.51,41.51
35.12,41.12
35.37,41.37
35.38,42.38
35.96,42.96
35.93,42.93
35.74,42.74
35.1,42.1
35.66,42.66
35.54,42.54
35.32,42.32
35.46,42.46
35.06,42.06
35.42,43.42
35.55,43.55
35.07,43.07
35.11,43.11
35.01,43.01
35.18,43.18
35.79,43.79
35.09,43.09
35.63,43.63
35.37,43.37
35.14,55.14
35.2,55.2
35.98,55.98
35.13,55.13
35.75,55.75
35.68,55.68
35.08,55.08
35.83,55.83
35.41,55.41
35.55,55.55
35.45,57.45
35.24,57.24
35.17,57.17
35.22,57.22
35.3,57.3
35.85,57.85
35.05,57.05
35.53,57.53
35.78,57.78
35.9,57.9
35.37,65.37
35.25,65.25
35.43,65.43
35.32,65.32
35.02,65.02
35.42,65.42
35.18,65.18
35.05,65.05
35.88,65.88
36.0,66.0
35.35,74.35
35.58,74.58
35.87,74.87
35.07,74.07
35.72,74.72
35.67,74.67
35.08,74.08
35.54,74.54
35.02,74.02
35.09,74.09
35.33,75.33
35.9,75.9
35.11,75.11
35.86,75.86
35.42,75.42
35.08,75.08
35.11,75.11
35.28,75.28
35.34,75.34
35.17,75.17
35.67,76.67
35.26,76.26
35.4,76.4
35.01,76.01
35.26,76.26
35.32,76.32
35.91,76.91
35.56,76.56
35.15,76.15
35.11,76.11
35.55,77.55
35.7,77.7
35.11,77.11
35.02,77.02
35.23,77.23
35.36,77.36
35.89,77.89
35.37,77.37
35.34,77.34
35.31,77.31
36.15,5.15
36.45,5.45
36.95,5.95
36.12,5.12
36.98,5.98
36.1,5.1
36.49,5.49
36.13,5.13
36.91,5.91
36.22,5.22
36.06,6.06
36.58,6.58
36.36,6.36
36.47,6.47
36.79,6.79
36.5,6.5
36.85,6.85
36.26,6.26
36.17,6.17
36.21,6.21
36.83,10.83
36.04,10.04
36.61,10.61
36.6,10.6
36.52,10.52
36.87,10.87
36.23,10.23
36.42,10.42
36.1,10.1
36.28,10.28
36.38,15.38
36.69,15.69
36.74,15.74
36.72,15.72
36.56,15.56
36.35,15.35
36.84,15.84
36.42,15.42
36.91,15.91
36.18,15.18
36.06,22.06
36.51,22.51
36.45,22.45
36.09,22.09
36.98,22.98
36.72,22.72
36.39,22.39
36.83,22.83
36.87,22.87
36.0,22.0
36.25,23.25
36.98,23.98
36.52,23.52
36.25,23.25
36.09,23.09
36.15,23.15
36.01,23.01
36.47,23.47
36.71,23.71
36.92,23.92
36.07,24.07
36.79,24.79
36.66,24.66
36.17,24.17
36.81,24.81
36.8,24.8
36.76,24.76
36.76,24.76
36.72,24.72
36.95,24.95
36.77,25.77
36.04,25.04
36.25,25.25
36.55,25.55
36.46,25.46
36.75,25.75
36.26,25.26
36.46,25.46
36.97,25.97
36.2,25.2
37.0,42.0
36.98,41.98
36.1,41.1
36.53,41.53
36.7,41.7
36.38,41.38
36.52,41.52
36.98,41.98
36.73,41.73
36.65,41.65
36.28,47.28
36.63,47.63
36.28,47.28
36.08,47.08
36.48,47.48
36.96,47.96
36.55,47.55
36.67,47.67
36.39,47.39
36.96,47.96
36.48,48.48
36.78,48.78
36.17,48.17
36.79,48.79
36.55,48.55
36.76,48.76
36.79,48.79
36.57,48.57
36.77,48.77
36.66,48.66
36.21,54.21
36.1,54.1
36.98,54.98
36.08,54.08
36.8,54.8
36.67,54.67
36.34,54.34
36.64,54.64
36.75,54.75
36.01,54.01
36.08,57.08
36.63,57.63
36.4,57.4
36.47,57.47
36.93,57.93
36.63,57.63
36.24,57.24
36.69,57.69
36.05,57.05
36.42,57.42
36.77,65.77
36.04,65.04
36.12,65.12
36.68,65.68
36.35,65.35
36.27,65.27
36.28,65.28
36.86,65.86
36.49,65.49
36.13,65.13
37.0,67.0
36.7,66.7
36.68,66.68
36.4,66.4
36.39,66.39
36.77,66.77
36.04,66.04
36.57,66.57
36.87,66.87
36.84,66.84
36.46,67.46
36.56,67.56
36.83,67.83
36.54,67.54
36.23,67.23
36.62,67.62
36.36,67.36
36.03,67.03
36.58,67.58
36.88,67.88
36.11,74.11
36.68,74.68
36.78,74.78
36.98,74.98
36.45,74.45
36.59,74.59
36.56,74.56
36.46,74.46
36.4,74.4
36.65,74.65
37.42,6.42
37.05,6.05
37.91,6.91
37.85,6.85
37.16,6.16
37.17,6.17
37.71,6.71
37.22,6.22
37.46,6.46
37.94,6.9399999999999995
37.77,7.77
37.37,7.37
37.94,7.9399999999999995
37.68,7.68
37.47,7.47
37.91,7.91
37.86,7.86
37.92,7.92
37.84,7.84
37.2,7.2
37.05,9.05
37.44,9.44
37.03,9.03
37.52,9.52
37.57,9.57
37.9,9.9
37.08,9.08
37.26,9.26
37.3,9.3
37.01,9.01
37.39,10.39
37.38,10.38
37.9,10.9
37.77,10.77
37.11,10.11
37.02,10.02
38.0,11.0
37.13,10.13
37.6,10.6
37.74,10.74
37.0,15.0
37.43,15.43
37.02,15.02
37.74,15.74
37.84,15.84
37.42,15.42
37.81,15.81
37.39,15.39
37.42,15.42
37.69,15.69
37.12,41.12
37.11,41.11
37.54,41.54
37.65,41.65
37.2,41.2
37.63,41.63
37.45,41.45
37.09,41.09
37.8,41.8
37.37,41.37
37.65,44.65
37.0,44.0
37.96,44.96
37.93,44.93
37.86,44.86
37.51,44.51
37.21,44.21
37.38,44.38
37.16,44.16
37.1,44.1
37.2,45.2
37.54,45.54
37.59,45.59
37.18,45.18
37.98,45.98
37.61,45.61
37.24,45.24
37.17,45.17
37.87,45.87
37.5,45.5
37.23,46.23
37.17,46.17
37.29,46.29
37.43,46.43
37.76,46.76
37.11,46.11
37.97,46.97
37.33,46.33
37.1,46.1
37.62,46.62
37.94,47.94
37.07,47.07
37.61,47.61
37.62,47.62
37.2,47.2
37.2,47.2
37.97,47.97
37.3,47.3
37.65,47.65
37.26,47.26
37.18,48.18
37.48,48.48
37.77,48.77
37.12,48.12
37.53,48.53
37.38,48.38
37.56,48.56
37.39,48.39
37.35,48.35
37.82,48.82
37.57,51.57
37.81,51.81
37.46,51.46
37.36,51.36
37.81,51.81
37.23,51.23
37.82,51.82
37.55,51.55
37.93,51.93
37.98,51.98
37.89,52.89
37.85,52.85
37.47,52.47
37.02,52.02
37.5,52.5
37.25,52.25
37.08,52.08
37.68,52.68
37.44,52.44
37.12,52.12
37.74,53.74
37.99,53.99
37.96,53.96
37.95,53.95
37.77,53.77
37.75,53.75
37.4,53.4
37.57,53.57
37.09,53.09
37.12,53.12
37.44,54.44
37.9,54.9
37.86,54.86
37.28,54.28
37.12,54.12
37.47,54.47
37.82,54.82
37.29,54.29
37.65,54.65
37.28,54.28
37.26,57.26
37.01,57.01
37.24,57.24
37.41,57.41
37.42,57.42
37.89,57.89
37.73,57.73
37.93,57.93
37.18,57.18
37.57,57.57
37.89,58.89
37.12,58.12
37.37,58.37
37.31,58.31
37.33,58.33
37.66,58.66
37.82,58.82
37.01,58.01
37.14,58.14
37.32,58.32
37.41,59.41
37.76,59.76
37.89,59.89
37.41,59.41
37.17,59.17
37.07,59.07
37.04,59.04
37.78,59.78
37.96,59.96
37.18,59.18
37.35,67.35
37.14,67.14
37.12,67.12
37.86,67.86
37.47,67.47
37.33,67.33
37.64,67.64
37.93,67.93
37.35,67.35
37.48,67.48
37.84,68.84
37.02,68.02
37.24,68.24
37.98,68.98
37.38,68.38
37.04,68.04
37.68,68.68
37.91,68.91
37.01,68.01
37.67,68.67
37.26,69.26
37.33,69.33
37.12,69.12
37.81,69.81
37.38,69.38
37.85,69.85
37.45,69.45
37.97,69.97
37.01,69.01
37.52,69.52
37.84,70.84
37.85,70.85
37.16,70.16
37.82,70.82
37.99,70.99
37.13,70.13
37.25,70.25
37.91,70.91
37.93,70.93
37.43,70.43
37.59,71.59
37.37,71.37
37.58,71.58
37.73,71.73
37.96,71.96
37.54,71.54
37.94,71.94
37.32,71.32
37.06,71.06
37.63,71.63
37.47,72.47
37.85,72.85
37.57,72.57
37.86,72.86
37.33,72.33
37.09,72.09
37.15,72.15
37.93,72.93
37.74,72.74
37.8,72.8
37.0,73.0
37.72,73.72
37.27,73.27
37.76,73.76
37.33,73.33
37.19,73.19
37.48,73.48
37.64,73.64
37.96,73.96
37.81,73.81
37.84,74.84
37.6,74.6
37.42,74.42
37.99,74.99
37.95,74.95
37.79,74.79
37.64,74.64
37.22,74.22
37.38,74.38
37.1,74.1
38.88,15.88
38.07,15.07
38.88,15.88
38.18,15.18
38.69,15.69
38.25,15.25
38.76,15.76
38.78,15.78
38.52,15.52
38.52,15.52
38.67,41.67
38.78,41.78
38.25,41.25
38.4,41.4
38.86,41.86
38.82,41.82
38.93,41.93
38.21,41.21
38.52,41.52
38.76,41.76
38.23,42.23
38.24,42.24
38.89,42.89
38.53,42.53
38.61,42.61
38.46,42.46
38.57,42.57
38.05,42.05
38.02,42.02
38.41,42.41
38.04,43.04
38.95,43.95
38.05,43.05
38.64,43.64
38.93,43.93
38.95,43.95
38.72,43.72
38.22,43.22
38.29,43.29
38.52,43.52
38.72,48.72
38.23,48.23
38.95,48.95
38.07,48.07
38.95,48.95
38.19,48.19
38.71,48.71
38.51,48.51
38.24,48.24
38.04,48.04
38.81,49.81
38.85,49.85
38.18,49.18
38.29,49.29
38.36,49.36
38.0,49.0
38.4,49.4
38.05,49.05
38.29,49.29
38.4,49.4
38.33,50.33
38.68,50.68
38.34,50.34
38.34,50.34
38.33,50.33
38.14,50.14
38.19,50.19
38.19,50.19
38.46,50.46
38.11,50.11
38.74,51.74
38.99,51.99
38.34,51.34
38.33,51.33
38.27,51.27
38.43,51.43
38.62,51.62
38.86,51.86
38.8,51.8
38.5,51.5
38.44,59.44
38.1,59.1
38.8,59.8
38.47,59.47
38.41,59.41
38.05,59.05
38.88,59.88
38.12,59.12
38.94,59.94
38.42,59.42
39.99,15.99
39.08,15.08
39.61,15.61
39.45,15.45
39.48,15.48
39.65,15.65
39.53,15.53
39.35,15.35
39.41,15.41
39.18,15.18
39.72,17.72
39.24,17.24
39.84,17.84
39.41,17.41
39.13,17.13
39.51,17.51
39.72,17.72
39.9,17.9
39.39,17.39
39.6,17.6
40.5,15.5
40.4,15.4
40.49,15.49
40.69,15.69
40.55,15.55
40.59,15.59
40.66,15.66
40.95,15.95
40.27,15.27
40.0,15.0
40.4,16.4
40.36,16.36
40.26,16.26
40.41,16.41
40.14,16.14
40.1,16.1
40.26,16.26
40.29,16.29
40.81,16.81
40.26,16.26
40.6,17.6
40.82,17.82
40.78,17.78
40.04,17.04
40.88,17.88
40.15,17.15
40.01,17.01
40.03,17.03
40.78,17.78
40.37,17.37
40.87,18.87
40.3,18.3
40.0,18.0
40.13,18.13
40.99,18.99
40.82,18.82
40.48,18.48
40.26,18.26
40.04,18.04
40.06,18.06
40.19,28.19
40.65,28.65
40.25,28.25
40.16,28.16
40.34,28.34
40.11,28.11
40.53,28.53
40.78,28.78
40.01,28.01
40.19,28.19
40.98,30.98
40.9,30.9
40.98,30.98
40.02,30.02
40.72,30.72
40.44,30.44
40.99,30.99
40.78,30.78
40.85,30.85
40.77,30.77
40.22,57.22
40.53,57.53
40.31,57.31
40.51,57.51
40.72,57.72
40.0,57.0
40.94,57.94
40.35,57.35
40.27,57.27
40.96,57.96
40.8,58.8
40.14,58.14
40.66,58.66
40.54,58.54
40.37,58.37
40.75,58.75
40.39,58.39
40.83,58.83
40.51,58.51
40.63,58.63
40.4,59.4
40.47,59.47
40.08,59.08
40.59,59.59
40.62,59.62
40.81,59.81
40.54,59.54
40.12,59.12
40.24,59.24
40.95,59.95
41.01,18.01
41.25,18.25
41.71,18.71
41.57,18.57
41.43,18.43
41.7,18.7
41.43,18.43
41.0,18.0
41.44,18.44
41.36,18.36
41.05,26.05
41.04,26.04
41.28,26.28
41.2,26.2
41.4,26.4
41.17,26.17
41.49,26.49
41.43,26.43
41.38,26.38
41.42,26.42
41.76,27.76
41.96,27.96
41.61,27.61
41.06,27.06
41.43,27.43
41.46,27.46
41.27,27.27
41.01,27.01
41.47,27.47
41.41,27.41
41.48,30.48
41.26,30.26
41.45,30.45
41.93,30.93
41.41,30.41
41.72,30.72
41.8,30.8
41.64,30.64
41.48,30.48
41.34,30.34
41.66,31.66
41.35,31.35
41.72,31.72
41.61,31.61
41.63,31.63
41.77,31.77
41.45,31.45
41.55,31.55
41.08,31.08
41.46,31.46
41.16,32.16
41.19,32.19
41.08,32.08
41.24,32.24
41.14,32.14
41.58,32.58
41.53,32.53
41.01,32.01
42.0,33.0
41.92,32.92
41.67,33.67
41.57,33.57
41.32,33.32
41.0,33.0
41.89,33.89
41.44,33.44
41.13,33.13
41.87,33.87
41.14,33.14
41.01,33.01
41.43,34.43
41.66,34.66
41.02,34.02
41.46,34.46
41.84,34.84
41.05,34.05
41.53,34.53
41.77,34.77
41.48,34.48
41.94,34.94
41.18,39.18
41.88,39.88
41.93,39.93
41.99,39.99
41.96,39.96
41.12,39.12
41.23,39.23
41.45,39.45
41.75,39.75
41.56,39.56
41.15,41.15
42.0,42.0
41.91,41.91
41.15,41.15
41.17,41.17
41.98,41.98
41.11,41.11
41.13,41.13
41.14,41.14
41.26,41.26
41.02,42.02
41.81,42.81
41.68,42.68
41.28,42.28
41.7,42.7
41.86,42.86
41.07,42.07
41.71,42.71
41.27,42.27
41.06,42.06
41.83,43.83
41.98,43.98
41.46,43.46
41.09,43.09
41.9,43.9
41.74,43.74
41.8,43.8
41.99,43.99
41.01,43.01
41.29,43.29
41.33,44.33
41.84,44.84
41.01,44.01
41.5,44.5
41.9,44.9
41.8,44.8
41.76,44.76
41.67,44.67
41.78,44.78
41.93,44.93
41.08,45.08
41.34,45.34
41.06,45.06
41.29,45.29
41.19,45.19
41.11,45.11
41.31,45.31
41.42,45.42
41.86,45.86
41.54,45.54
41.11,47.11
42.0,48.0
41.17,47.17
41.03,47.03
41.38,47.38
41.48,47.48
41.9,47.9
41.95,47.95
41.18,47.18
41.83,47.83
41.85,48.85
41.21,48.21
41.04,48.04
41.77,48.77
41.28,48.28
41.81,48.81
41.94,48.94
41.63,48.63
41.71,48.71
41.92,48.92
41.31,49.31
41.34,49.34
41.95,49.95
41.04,49.04
41.79,49.79
41.75,49.75
41.66,49.66
41.53,49.53
41.64,49.64
41.61,49.61
41.18,50.18
41.96,50.96
41.77,50.77
41.1,50.1
41.58,50.58
41.91,50.91
41.08,50.08
41.03,50.03
41.68,50.68
41.95,50.95
41.23,57.23
41.02,57.02
41.4,57.4
41.67,57.67
41.21,57.21
41.69,57.69
41.99,57.99
41.67,57.67
41.89,57.89
41.17,57.17
42.28,19.28
42.48,19.48
42.33,19.33
42.64,19.64
42.88,19.88
42.8,19.8
42.77,19.77
42.89,19.89
42.31,19.31
42.3,19.3
42.47,24.47
42.63,24.63
42.39,24.39
42.29,24.29
42.88,24.88
42.02,24.02
42.94,24.94
42.07,24.07
42.72,24.72
42.39,24.39
42.06,25.06
42.12,25.12
42.53,25.53
42.32,25.32
42.35,25.35
42.66,25.66
42.41,25.41
42.11,25.11
42.58,25.58
42.89,25.89
42.82,26.82
42.9,26.9
42.16,26.16
42.75,26.75
42.46,26.46
42.77,26.77
42.28,26.28
42.07,26.07
42.65,26.65
42.54,26.54
42.5,27.5
42.51,27.51
42.17,27.17
42.82,27.82
42.37,27.37
42.39,27.39
42.68,27.68
42.49,27.49
42.65,27.65
42.35,27.35
42.64,35.64
42.86,35.86
42.71,35.71
42.22,35.22
42.55,35.55
42.92,35.92
42.38,35.38
42.4,35.4
42.14,35.14
42.34,35.34
42.71,36.71
42.46,36.46
42.59,36.59
42.55,36.55
42.35,36.35
42.42,36.42
42.02,36.02
42.39,36.39
42.09,36.09
42.26,36.26
42.3,37.3
42.1,37.1
42.03,37.03
42.1,37.1
42.75,37.75
42.61,37.61
42.39,37.39
42.89,37.89
42.64,37.64
42.75,37.75
42.5,39.5
42.73,39.73
42.23,39.23
42.82,39.82
42.87,39.87
42.94,39.94
42.01,39.01
42.92,39.92
42.49,39.49
42.36,39.36
42.25,41.25
42.42,41.42
42.96,41.96
42.92,41.92
42.14,41.14
42.5,41.5
42.86,41.86
42.01,41.01
42.79,41.79
42.71,41.71
42.44,46.44
42.75,46.75
42.96,46.96
42.62,46.62
42.84,46.84
42.19,46.19
42.21,46.21
42.73,46.73
42.79,46.79
42.28,46.28
42.54,47.54
42.96,47.96
42.67,47.67
42.94,47.94
42.58,47.58
42.93,47.93
42.81,47.81
42.26,47.26
42.69,47.69
42.25,47.25
42.28,50.28
42.08,50.08
42.6,50.6
42.84,50.84
42.48,50.48
42.79,50.79
42.45,50.45
42.5,50.5
42.18,50.18
42.93,50.93
42.62,51.62
42.07,51.07
42.38,51.38
42.7,51.7
42.95,51.95
42.24,51.24
42.4,51.4
42.95,51.95
42.54,51.54
42.66,51.66
42.46,52.46
42.69,52.69
42.63,52.63
42.5,52.5
42.98,52.98
42.54,52.54
42.32,52.32
42.47,52.47
42.96,52.96
42.49,52.49
42.76,53.76
42.74,53.74
42.92,53.92
42.44,53.44
42.82,53.82
42.78,53.78
42.66,53.66
42.55,53.55
42.72,53.72
42.13,53.13
42.82,54.82
42.04,54.04
42.8,54.8
42.1,54.1
42.71,54.71
42.34,54.34
42.8,54.8
42.37,54.37
42.27,54.27
42.17,54.17
42.56,57.56
42.01,57.01
42.71,57.71
42.35,57.35
42.85,57.85
42.61,57.61
42.99,57.99
42.45,57.45
42.46,57.46
42.69,57.69
43.22,20.22
43.6,20.6
43.43,20.43
43.78,20.78
43.0,20.0
43.28,20.28
43.39,20.39
43.1,20.1
43.02,20.02
43.41,20.41
44.0,22.0
43.03,21.03
43.94,21.94
43.57,21.57
43.29,21.29
43.78,21.78
43.9,21.9
43.64,21.64
43.76,21.76
43.39,21.39
43.26,22.26
43.97,22.97
43.74,22.74
43.78,22.78
43.11,22.11
43.57,22.57
43.45,22.45
43.06,22.06
43.57,22.57
43.96,22.96
43.64,23.64
43.54,23.54
43.91,23.91
43.29,23.29
43.68,23.68
43.31,23.31
43.9,23.9
43.18,23.18
43.36,23.36
43.35,23.35
