0.14,16.14
0.74,16.74
0.92,16.92
0.98,16.98
0.46,16.46
0.01,16.01
0.48,16.48
0.26,16.26
0.45,16.45
0.91,16.91
0.95,17.95
0.04,17.04
0.0,17.0
0.61,17.61
0.36,17.36
0.45,17.45
0.79,17.79
0.34,17.34
0.2,17.2
0.19,17.19
0.54,18.54
0.8,18.8
0.58,18.58
0.38,18.38
0.85,18.85
0.91,18.91
0.2,18.2
0.32,18.32
0.98,18.98
0.75,18.75
0.62,19.62
0.13,19.13
0.87,19.87
0.44,19.44
0.74,19.74
0.29,19.29
0.74,19.74
0.89,19.89
0.14,19.14
0.21,19.21
0.75,20.75
0.97,20.97
0.62,20.62
0.34,20.34
0.56,20.56
0.86,20.86
0.69,20.69
0.37,20.37
0.12,20.12
0.6,20.6
0.84,21.84
0.93,21.93
0.26,21.26
0.46,21.46
0.79,21.79
0.67,21.67
0.8,21.8
0.99,21.99
0.22,21.22
0.48,21.48
1.16,10.16
1.97,10.97
1.35,10.35
1.8199999999999998,10.82
1.1,10.1
1.24,10.24
1.6400000000000001,10.64
1.75,10.75
1.96,10.96
1.49,10.49
1.56,11.56
1.01,11.01
1.44,11.44
1.13,11.13
1.56,11.56
1.94,11.94
1.24,11.24
1.85,11.85
1.22,11.22
1.23,11.23
1.32,12.32
1.6099999999999999,12.61
1.95,12.95
1.6099999999999999,12.61
1.28,12.28
1.17,12.17
1.0,12.0
1.96,12.96
1.96,12.96
1.8399999999999999,12.84
1.23,13.23
1.69,13.69
1.52,13.52
1.69,13.69
1.78,13.78
1.43,13.43
1.74,13.74
1.19,13.19
1.3599999999999999,13.36
1.18,13.18
1.88,14.88
1.12,14.12
1.92,14.92
1.52,14.52
1.45,14.45
1.71,14.71
1.8900000000000001,14.89
1.28,14.28
1.5699999999999998,14.57
1.5899999999999999,14.59
1.56,15.56
1.26,15.26
1.7,15.7
1.3900000000000001,15.39
1.6400000000000001,15.64
1.99,15.99
1.12,15.12
1.26,15.26
1.52,15.52
1.01,15.01
1.8,16.8
1.07,16.07
1.3,16.3
1.25,16.25
1.88,16.88
1.41,16.41
1.96,16.96
1.85,16.85
1.9,16.9
1.73,16.73
1.42,16.42
1.6,16.6
1.0,16.0
1.3,16.3
1.85,16.85
1.29,16.29
1.06,16.06
1.74,16.74
1.44,16.44
1.55,16.55
1.1,18.1
1.05,18.05
1.08,18.08
1.79,18.79
1.47,18.47
1.85,18.85
1.6,18.6
1.7,18.7
1.9300000000000002,18.93
1.76,18.76
1.45,21.45
1.8900000000000001,21.89
1.31,21.31
1.07,21.07
1.12,21.12
1.02,21.02
1.5899999999999999,21.59
1.47,21.47
1.96,21.96
1.45,21.45
1.23,22.23
1.31,22.31
1.94,22.94
1.02,22.02
1.54,22.54
1.8399999999999999,22.84
1.5,22.5
1.11,22.11
1.5899999999999999,22.59
1.5699999999999998,22.57
2.48,10.48
2.06,10.06
2.17,10.17
2.15,10.15
2.75,10.75
2.88,10.88
2.31,10.31
2.46,10.46
2.62,10.62
2.15,10.15
3.12,7.12
3.73,7.73
3.51,7.51
3.45,7.45
3.98,7.98
3.57,7.57
3.61,7.61
3.26,7.26
3.11,7.11
3.73,7.73
3.83,8.83
3.91,8.91
3.43,8.43
3.32,8.32
3.6,8.6
3.09,8.09
3.39,8.39
3.94,8.94
3.61,8.61
3.86,8.86
3.64,9.64
3.96,9.96
3.75,9.75
3.48,9.48
3.44,9.44
3.19,9.19
3.81,9.81
3.19,9.19
3.51,9.51
3.12,9.12
3.9,10.9
3.59,10.59
3.42,10.42
3.64,10.64
3.7199999999999998,10.72
3.44,10.44
3.31,10.31
3.5,10.5
3.67,10.67
3.9699999999999998,10.97
3.79,22.79
3.31,22.31
3.09,22.09
3.63,22.63
3.95,22.95
3.59,22.59
3.5,22.5
3.13,22.13
3.46,22.46
3.21,22.21
4.78,7.78
4.01,7.01
4.09,7.09
4.4,7.4
4.29,7.29
4.58,7.58
4.0,7.0
4.99,7.99
4.83,7.83
4.63,7.63
4.07,9.07
4.88,9.88
4.33,9.33
4.63,9.63
4.37,9.37
4.49,9.49
4.88,9.88
4.52,9.52
4.58,9.58
4.5600000000000005,9.56
4.82,10.82
4.29,10.29
4.46,10.46
4.64,10.64
4.05,10.05
4.86,10.86
4.54,10.54
4.13,10.13
4.95,10.95
4.25,10.25
4.06,12.06
4.5,12.5
4.48,12.48
4.21,12.21
4.33,12.33
4.72,12.72
4.45,12.45
4.57,12.57
4.12,12.12
4.62,12.62
4.53,22.53
4.66,22.66
4.84,22.84
4.07,22.07
4.26,22.26
4.99,22.99
4.18,22.18
4.02,22.02
4.33,22.33
4.77,22.77
5.17,9.17
5.3,9.3
5.6899999999999995,9.69
5.16,9.16
5.43,9.43
5.89,9.89
5.34,9.34
5.59,9.59
5.34,9.34
5.58,9.58
5.29,12.29
5.19,12.19
5.15,12.15
5.11,12.11
5.55,12.55
5.29,12.29
5.26,12.26
5.14,12.14
5.22,12.22
5.67,12.67
5.3,21.3
5.45,21.45
5.96,21.96
5.87,21.87
5.71,21.71
5.16,21.16
5.59,21.59
5.39,21.39
5.1,21.1
5.99,21.99
5.62,22.62
5.51,22.51
5.16,22.16
5.98,22.98
5.01,22.01
5.28,22.28
5.46,22.46
5.8100000000000005,22.81
5.88,22.88
5.67,22.67
6.88,5.88
6.41,5.41
6.11,5.11
6.67,5.67
6.14,5.14
6.35,5.35
6.49,5.49
6.53,5.53
6.77,5.77
6.03,5.03
6.45,5.45
6.8,5.8
6.27,5.27
6.76,5.76
6.54,5.54
6.17,5.17
6.73,5.73
6.88,5.88
6.28,5.28
6.98,5.98
6.16,6.16
6.14,6.14
6.57,6.57
6.61,6.61
6.73,6.73
6.58,6.58
6.54,6.54
6.3,6.3
6.88,6.88
6.59,6.59
6.36,7.36
6.44,7.44
6.16,7.16
6.22,7.22
6.23,7.23
6.74,7.74
6.8100000000000005,7.8100000000000005
6.09,7.09
6.52,7.52
6.36,7.36
6.08,9.08
6.39,9.39
6.39,9.39
6.93,9.93
6.6899999999999995,9.69
6.04,9.04
6.36,9.36
6.59,9.59
6.86,9.86
6.05,9.05
6.63,21.63
6.15,21.15
6.03,21.03
6.4,21.4
6.01,21.01
6.14,21.14
6.98,21.98
6.32,21.32
6.62,21.62
6.8100000000000005,21.81
7.98,5.98
7.66,5.66
7.6,5.6
7.5600000000000005,5.5600000000000005
7.42,5.42
7.23,5.23
7.2,5.2
7.21,5.21
7.77,5.77
7.28,5.28
7.42,9.42
7.48,9.48
7.93,9.93
7.36,9.36
7.41,9.41
7.52,9.52
7.72,9.72
7.49,9.49
7.11,9.11
7.66,9.66
7.92,12.92
7.17,12.17
7.5,12.5
7.07,12.07
7.29,12.29
7.3,12.3
7.06,12.06
7.44,12.44
7.08,12.08
7.25,12.25
7.5600000000000005,21.56
7.6899999999999995,21.69
7.85,21.85
7.74,21.74
7.35,21.35
7.6899999999999995,21.69
7.61,21.61
7.65,21.65
7.3,21.3
7.99,21.99
8.13,5.13
8.48,5.48
8.91,5.91
8.62,5.62
8.08,5.08
8.84,5.84
8.15,5.15
8.67,5.67
8.3,5.3
8.22,5.22
8.46,9.46
8.42,9.42
8.99,9.99
8.91,9.91
8.46,9.46
8.51,9.51
8.09,9.09
8.29,9.29
8.14,9.14
8.26,9.26
8.97,10.97
8.69,10.69
8.28,10.28
8.09,10.09
8.68,10.68
8.99,10.99
8.27,10.27
8.03,10.03
8.51,10.51
8.77,10.77
8.33,11.33
8.22,11.22
8.27,11.27
8.34,11.34
8.34,11.34
8.58,11.58
8.27,11.27
8.11,11.11
8.74,11.74
8.92,11.92
8.39,11.39
8.01,11.01
8.88,11.88
8.41,11.41
8.84,11.84
8.61,11.61
8.4,11.4
8.27,11.27
8.0,11.0
8.99,11.99
8.05,12.05
8.62,12.62
8.93,12.93
8.48,12.48
8.0,12.0
8.07,12.07
8.57,12.57
8.08,12.08
8.8,12.8
8.39,12.39
8.32,13.32
8.54,13.54
8.21,13.21
8.54,13.54
8.17,13.17
8.89,13.89
8.66,13.66
8.63,13.63
8.35,13.35
8.58,13.58
8.11,14.11
8.18,14.18
8.43,14.43
8.07,14.07
8.51,14.51
8.81,14.81
8.26,14.26
8.64,14.64
8.51,14.51
8.78,14.78
8.91,15.91
8.32,15.32
8.77,15.77
8.42,15.42
8.71,15.71
9.0,16.0
8.95,15.95
8.4,15.4
8.62,15.62
8.22,15.22
8.06,16.06
8.8,16.8
8.83,16.83
8.81,16.81
8.35,16.35
8.39,16.39
8.9,16.9
8.19,16.19
8.07,16.07
8.19,16.19
8.16,21.16
8.47,21.47
8.51,21.51
8.68,21.68
8.6,21.6
8.01,21.01
8.8,21.8
8.4,21.4
8.73,21.73
8.86,21.86
8.67,21.67
8.86,21.86
8.89,21.89
8.34,21.34
8.18,21.18
8.43,21.43
8.37,21.37
8.03,21.03
8.69,21.69
8.15,21.15
8.91,22.91
8.5,22.5
8.76,22.76
8.9,22.9
8.35,22.35
8.81,22.81
8.62,22.62
8.35,22.35
8.61,22.61
8.42,22.42
9.2,5.2
9.88,5.88
9.66,5.66
9.05,5.05
9.65,5.65
9.9,5.9
9.15,5.15
9.23,5.23
9.9,5.9
9.86,5.86
9.6,6.6
9.3,6.3
9.84,6.84
9.62,6.62
9.06,6.06
9.4,6.4
9.72,6.72
9.71,6.71
9.49,6.49
9.11,6.11
9.65,16.65
9.16,16.16
9.26,16.26
10.0,17.0
9.45,16.45
9.31,16.31
9.31,16.31
9.22,16.22
9.29,16.29
9.13,16.13
9.73,22.73
9.08,22.08
9.32,22.32
9.78,22.78
9.79,22.79
9.11,22.11
9.36,22.36
9.99,22.99
9.94,22.94
9.42,22.42
10.39,6.39
10.59,6.59
10.67,6.67
10.37,6.37
10.35,6.35
10.27,6.27
10.35,6.35
10.15,6.15
10.14,6.14
10.37,6.37
10.44,16.44
10.28,16.28
10.77,16.77
10.5,16.5
10.4,16.4
10.29,16.29
10.38,16.38
10.47,16.47
10.96,16.96
10.54,16.54
10.65,21.65
10.27,21.27
10.01,21.01
10.76,21.76
10.8,21.8
10.12,21.12
10.27,21.27
10.94,21.94
10.4,21.4
10.77,21.77
10.41,22.41
10.83,22.83
10.62,22.62
10.99,22.99
10.99,22.99
10.87,22.87
10.29,22.29
10.7,22.7
10.11,22.11
10.27,22.27
11.91,6.91
11.17,6.17
11.11,6.11
11.69,6.6899999999999995
11.37,6.37
11.17,6.17
11.79,6.79
11.2,6.2
11.1,6.1
11.26,6.26
11.62,16.62
11.32,16.32
11.55,16.55
11.66,16.66
11.66,16.66
11.37,16.37
11.57,16.57
11.3,16.3
11.41,16.41
11.56,16.56
11.56,19.56
11.99,19.99
11.38,19.38
11.71,19.71
11.51,19.51
11.41,19.41
11.56,19.56
11.24,19.24
11.31,19.31
11.87,19.87
11.42,19.42
11.54,19.54
11.05,19.05
11.36,19.36
11.72,19.72
11.02,19.02
11.2,19.2
11.21,19.21
11.19,19.19
11.08,19.08
11.35,20.35
11.94,20.94
11.12,20.12
11.08,20.08
11.29,20.29
11.82,20.82
11.76,20.76
11.48,20.48
11.16,20.16
11.37,20.37
11.21,21.21
11.21,21.21
11.68,21.68
11.64,21.64
11.57,21.57
11.17,21.17
11.75,21.75
11.99,21.99
11.43,21.43
11.94,21.94
11.17,22.17
11.85,22.85
11.59,22.59
11.78,22.78
11.6,22.6
11.44,22.44
11.55,22.55
11.72,22.72
11.01,22.01
11.97,22.97
12.33,6.33
12.31,6.31
12.25,6.25
12.86,6.86
12.51,6.51
12.75,6.75
12.18,6.18
12.52,6.52
12.13,6.13
12.31,6.31
12.05,16.05
12.4,16.4
12.48,16.48
12.67,16.67
12.35,16.35
13.0,17.0
12.69,16.69
12.83,16.83
12.11,16.11
12.52,16.52
12.64,17.64
12.74,17.74
12.58,17.58
12.5,17.5
12.98,17.98
12.69,17.69
12.6,17.6
12.5,17.5
12.34,17.34
12.64,17.64
12.02,18.02
12.42,18.42
12.88,18.88
12.3,18.3
12.59,18.59
12.41,18.41
12.15,18.15
12.12,18.12
12.01,18.01
12.26,18.26
12.74,19.74
12.65,19.65
12.65,19.65
12.99,19.99
12.3,19.3
12.49,19.49
12.09,19.09
12.43,19.43
12.96,19.96
12.53,19.53
13.1,6.1
13.14,6.14
13.47,6.47
13.39,6.39
13.91,6.91
13.52,6.52
13.28,6.28
13.99,6.99
13.22,6.22
13.05,6.05
13.48,7.48
13.88,7.88
13.09,7.09
13.11,7.11
13.83,7.83
13.71,7.71
13.68,7.68
13.49,7.49
13.2,7.2
13.09,7.09
14.56,7.5600000000000005
14.43,7.43
14.22,7.22
14.16,7.16
14.2,7.2
14.91,7.91
14.39,7.39
14.48,7.48
14.59,7.59
14.79,7.79
15.37,7.37
15.65,7.65
15.86,7.86
15.81,7.8100000000000005
15.65,7.65
15.04,7.04
15.2,7.2
15.14,7.14
15.29,7.29
15.41,7.41
16.89,7.89
16.85,7.85
16.5,7.5
16.44,7.44
16.63,7.63
16.37,7.37
16.63,7.63
16.54,7.54
16.23,7.23
16.1,7.1
17.38,6.38
17.38,6.38
17.7,6.7
17.9,6.9
17.37,6.37
17.33,6.33
17.02,6.02
17.55,6.55
17.88,6.88
17.01,6.01
17.77,7.77
17.69,7.6899999999999995
17.54,7.54
17.36,7.36
17.84,7.84
17.1,7.1
17.86,7.86
17.9,7.9
17.94,7.9399999999999995
17.14,7.14
19.0,7.0
18.27,6.27
18.46,6.46
18.2,6.2
18.11,6.11
18.95,6.95
18.51,6.51
18.8,6.8
18.71,6.71
18.79,6.79
19.3,6.3
19.26,6.26
19.89,6.89
19.6,6.6
19.21,6.21
19.04,6.04
19.29,6.29
19.73,6.73
19.7,6.7
19.19,6.19
20.37,5.37
20.29,5.29
20.89,5.89
20.95,5.95
20.54,5.54
20.45,5.45
20.66,5.66
20.67,5.67
20.46,5.46
20.97,5.97
21.16,5.16
21.32,5.32
21.17,5.17
21.36,5.36
21.1,5.1
21.63,5.63
21.55,5.55
21.62,5.62
21.28,5.28
21.12,5.12
22.92,5.92
22.55,5.55
22.79,5.79
22.62,5.62
22.58,5.58
22.49,5.49
22.48,5.48
22.92,5.92
22.23,5.23
22.63,5.63
23.83,5.83
23.13,5.13
23.01,5.01
23.44,5.44
23.85,5.85
23.98,5.98
23.38,5.38
23.88,5.88
23.6,5.6
23.22,5.22
23.61,6.61
23.77,6.77
23.12,6.12
23.73,6.73
23.04,6.04
23.29,6.29
23.26,6.26
23.56,6.5600000000000005
24.0,7.0
23.93,6.93
25.47,6.47
25.6,6.6
25.91,6.91
25.77,6.77
25.35,6.35
25.75,6.75
25.23,6.23
25.55,6.55
25.28,6.28
25.65,6.65
26.84,4.84
26.61,4.61
26.49,4.49
26.89,4.89
26.14,4.14
26.23,4.23
26.42,4.42
26.0,4.0
26.75,4.75
26.49,4.49
26.53,5.53
26.17,5.17
26.82,5.82
26.47,5.47
26.45,5.45
26.9,5.9
26.0,5.0
26.5,5.5
26.86,5.86
26.5,5.5
27.07,4.07
27.16,4.16
27.16,4.16
27.45,4.45
27.7,4.7
27.09,4.09
27.63,4.63
27.18,4.18
27.82,4.82
27.45,4.45
28.78,4.78
28.22,4.22
28.24,4.24
28.43,4.43
28.62,4.62
28.62,4.62
28.05,4.05
28.97,4.97
28.18,4.18
28.86,4.86
29.43,4.43
29.13,4.13
29.32,4.32
29.22,4.22
29.62,4.62
29.28,4.28
29.23,4.23
29.73,4.73
29.84,4.84
29.86,4.86
30.75,4.75
30.88,4.88
30.54,4.54
30.04,4.04
30.39,4.39
30.21,4.21
30.09,4.09
30.35,4.35
30.1,4.1
30.04,4.04
32.45,4.45
32.54,4.54
32.9,4.9
32.36,4.36
32.69,4.6899999999999995
32.0,4.0
32.33,4.33
32.99,4.99
32.63,4.63
32.25,4.25
32.58,5.58
32.27,5.27
32.33,5.33
32.3,5.3
32.59,5.59
32.16,5.16
32.76,5.76
32.58,5.58
32.71,5.71
32.36,5.36
33.31,5.31
33.06,5.06
33.0,5.0
33.65,5.65
33.8,5.8
33.58,5.58
33.37,5.37
33.07,5.07
33.71,5.71
33.13,5.13
34.32,4.32
34.82,4.82
34.76,4.76
34.09,4.09
34.29,4.29
34.8,4.8
34.03,4.03
34.58,4.58
34.88,4.88
34.87,4.87
35.71,4.71
35.36,4.36
35.36,4.36
35.13,4.13
35.83,4.83
35.09,4.09
35.58,4.58
35.39,4.39
35.39,4.39
35.69,4.6899999999999995
36.12,4.12
36.13,4.13
36.85,4.85
36.12,4.12
36.4,4.4
36.95,4.95
36.41,4.41
36.28,4.28
36.95,4.95
36.8,4.8
36.14,5.14
36.33,5.33
36.49,5.49
36.36,5.36
36.24,5.24
36.36,5.36
36.04,5.04
36.35,5.35
36.01,5.01
36.04,5.04
37.93,4.93
37.49,4.49
37.39,4.39
37.83,4.83
37.92,4.92
37.19,4.19
37.4,4.4
37.49,4.49
37.4,4.4
37.25,4.25
38.82,4.82
38.06,4.06
38.85,4.85
38.73,4.73
38.68,4.68
38.21,4.21
38.15,4.15
38.5,4.5
38.14,4.14
38.98,4.98
38.54,4.54
38.02,4.02
38.16,4.16
38.5,4.5
38.96,4.96
38.07,4.07
38.99,4.99
38.34,4.34
38.58,4.58
38.33,4.33
38.06,5.06
38.76,5.76
38.41,5.41
38.48,5.48
38.38,5.38
38.88,5.88
38.55,5.55
38.38,5.38
38.53,5.53
38.53,5.53
